21.404
21.404
21.404
21.404
21.404
21.404
21.404
21.404
21.404
21.404
21.404
21.404
21.404
21.404
21.404
21.404
21.404
21.404
21.404
21.404
21.404
21.404
21.404
21.404
21.404
21.404
21.404
21.404
21.404
21.404
21.404
21.404
21.404
21.404
21.404
21.404
21.404
21.404
21.404
21.404
21.404
21.404
21.404
21.404
21.404
21.404
21.404
21.404
21.404
21.404
21.404
21.404
21.404
21.404
21.404
21.404
21.404
21.404
21.404
21.404
21.404
21.404
21.404
21.404
21.404
21.404
21.404
21.404
21.404
21.404
21.404
21.404
21.404
21.404
21.404
21.404
21.404
21.404
21.404
21.404
21.404
21.404
21.404
21.404
21.404
21.404
21.404
21.404
21.404
21.404
21.404
21.404
21.404
21.404
21.404
21.404
21.404
21.404
21.404
21.404
21.404
21.404
21.404
21.404
21.404
21.404
21.404
21.404
21.404
21.404
21.404
21.404
21.404
21.404
21.404
21.404
21.404
21.404
21.404
21.404
21.404
21.404
21.404
21.404
21.404
21.404
21.404
21.404
21.404
21.404
21.404
21.404
21.404
21.404
21.404
21.404
21.404
21.404
21.404
21.404
21.404
21.404
21.404
21.404
21.404
21.404
21.404
21.404
21.404
21.404
21.404
21.404
21.404
21.404
21.404
21.404
21.404
21.404
21.404
21.404
21.404
21.404
21.404
21.404
21.404
21.404
21.404
21.404
21.404
21.404
21.404
21.404
21.404
21.404
21.404
21.404
21.404
21.404
21.404
21.404
21.404
21.404
21.404
21.404
21.404
21.404
21.404
21.404
21.404
21.404
21.404
21.404
21.404
21.404
21.404
21.404
21.404
21.404
21.404
21.404
21.404
21.514
21.601
21.725
21.901
22.126
22.383
22.654
22.929
23.197
23.444
23.656
23.813
23.898
23.91
23.879
23.854
23.849
23.857
23.87
23.872
23.846
23.776
23.652
23.475
23.25
22.992
22.723
22.471
22.257
22.093
21.974
21.889
21.835
21.815
21.829
21.866
21.91
21.948
21.974
21.992
22.008
22.032
22.071
22.129
22.206
22.298
22.396
22.488
22.568
22.632
22.677
22.692
22.659
22.568
22.425
22.253
22.076
21.904
21.736
21.579
21.453
21.385
21.392
21.472
21.601
21.737
21.835
21.875
21.869
21.847
21.83
21.832
21.86
21.905
21.944
21.955
21.931
21.884
21.837
21.81
21.804
21.809
21.804
21.778
21.739
21.715
21.73
21.79
21.872
21.948
22.003
22.036
22.052
22.053
22.035
22.004
21.974
21.965
21.986
22.031
22.083
22.128
22.16
22.18
22.19
22.195
22.198
22.201
22.205
22.21
22.214
22.216
22.214
22.209
22.204
22.2
22.196
22.194
22.192
22.189
22.188
22.189
22.198
22.225
22.278
22.364
22.485
22.632
22.785
22.923
23.026
23.086
23.101
23.071
22.995
22.874
22.717
22.545
22.389
22.273
22.207
22.182
22.178
22.181
22.184
22.186
22.185
22.183
22.178
22.169
22.156
22.139
22.124
22.118
22.125
22.14
22.158
22.173
22.184
22.194
22.205
22.22
22.244
22.279
22.328
22.389
22.459
22.537
22.614
22.678
22.715
22.713
22.669
22.586
22.472
22.34
22.209
22.102
22.042
22.032
22.06
22.099
22.133
22.157
22.172
22.181
22.186
22.189
22.191
22.192
22.192
22.192
22.192
22.191
22.189
22.185
22.18
22.17
22.158
22.147
22.14
22.141
22.149
22.159
22.167
22.17
22.165
22.153
22.133
22.107
22.083
22.073
22.081
22.103
22.127
22.143
22.15
22.154
22.168
22.211
22.296
22.419
22.556
22.681
22.773
22.827
22.846
22.834
22.791
22.716
22.615
22.502
22.393
22.298
22.222
22.163
22.121
22.102
22.104
22.122
22.143
22.161
22.171
22.176
22.176
22.171
22.158
22.137
22.105
22.064
22.028
22.014
22.028
22.064
22.105
22.138
22.161
22.176
22.186
22.193
22.201
22.212
22.229
22.258
22.306
22.386
22.51
22.682
22.892
23.12
23.339
23.525
23.655
23.723
23.735
23.701
23.622
23.496
23.322
23.112
22.888
22.679
22.509
22.387
22.309
22.263
22.239
22.229
22.232
22.246
22.276
22.321
22.377
22.427
22.452
22.44
22.399
22.346
22.304
22.282
22.284
22.311
22.364
22.433
22.498
22.532
22.522
22.493
22.488
22.539
22.641
22.75
22.819
22.825
22.782
22.726
22.685
22.664
22.652
22.633
22.6
22.559
22.621
22.602
22.571
22.53
22.474
22.405
22.332
22.264
22.212
22.177
22.159
22.156
22.166
22.194
22.245
22.329
22.45
22.601
22.764
22.915
23.035
23.119
23.172
23.204
23.222
23.233
23.239
23.243
23.246
23.25
23.255
23.262
23.274
23.291
23.312
23.33
23.337
23.328
23.308
23.284
23.262
23.242
23.219
23.187
23.138
23.06
22.94
22.775
22.581
22.393
22.259
22.216
22.276
22.413
22.581
22.739
22.864
22.951
22.996
22.996
22.943
22.835
22.686
22.517
22.355
22.222
22.125
22.062
22.025
22.008
22.003
22.006
22.012
22.018
22.018
22.001
21.953
21.869
21.755
21.628
21.511
21.417
21.352
21.311
21.286
21.271
21.26
21.248
21.228
21.192
21.142
21.089
21.044
21.016
21.005
21.012
21.037
21.079
21.133
21.19
21.237
21.262
21.259
21.222
21.149
21.053
20.968
20.942
21.009
21.164
21.373
21.606
21.837
22.046
22.211
22.313
22.335
22.27
22.123
21.936
21.757
21.605
21.472
21.358
21.266
21.199
21.155
21.129
21.112
21.101
21.092
21.083
21.074
21.065
21.058
21.054
21.048
21.034
21.006
20.96
20.899
20.835
20.778
20.725
20.657
20.55
20.395
20.197
19.975
19.755
19.572
19.467
19.474
19.594
19.792
20.035
20.303
20.582
20.864
21.142
21.409
21.657
21.882
22.076
22.233
22.347
22.411
22.422
22.378
22.282
22.152
22.027
21.944
21.902
21.88
21.869
21.864
21.861
21.859
21.857
21.855
21.852
21.847
21.84
21.832
21.824
21.815
21.806
21.797
21.785
21.771
21.749
21.715
21.663
21.589
21.497
21.399
21.311
21.244
21.203
21.186
21.189
21.212
21.259
21.333
21.43
21.537
21.637
21.717
21.772
21.805
21.823
21.831
21.832
21.831
21.836
21.85
21.873
21.898
21.917
21.922
21.911
21.884
21.843
21.791
21.734
21.68
21.637
21.61
21.596
21.595
21.607
21.632
21.672
21.724
21.78
21.832
21.874
21.904
21.922
21.932
21.938
21.941
21.941
21.939
21.935
21.927
21.917
21.905
21.893
21.88
21.867
21.858
21.857
21.868
21.887
21.908
21.925
21.937
21.947
21.957
21.969
21.987
22.01
22.039
22.069
22.097
22.117
22.127
22.127
22.115
22.088
22.042
21.973
21.885
21.787
21.692
21.617
21.568
21.546
21.545
21.555
21.572
21.592
21.615
21.638
21.659
21.675
21.685
21.69
21.691
21.686
21.675
21.659
21.637
21.612
21.587
21.563
21.538
21.512
21.484
21.46
21.451
21.458
21.479
21.503
21.522
21.536
21.544
21.551
21.556
21.563
21.57
21.58
21.591
21.599
21.601
21.597
21.588
21.577
21.564
21.546
21.524
21.504
21.5
21.518
21.553
21.591
21.621
21.642
21.655
21.665
21.673
21.682
21.696
21.717
21.754
21.814
21.907
22.03
22.171
22.307
22.42
22.5
22.551
22.581
22.598
22.608
22.612
22.614
22.614
22.611
22.606
22.597
22.585
22.574
22.568
22.571
22.58
22.593
22.604
22.611
22.616
22.618
22.619
22.62
22.62
22.621
22.621
22.62
22.619
22.618
22.615
22.611
22.605
22.594
22.578
22.558
22.541
22.534
22.541
22.558
22.578
22.594
22.606
22.614
22.62
22.627
22.635
22.648
22.67
22.706
22.764
22.847
22.951
23.063
23.168
23.251
23.308
23.343
23.361
23.366
23.361
23.343
23.309
23.252
23.169
23.066
22.953
22.849
22.765
22.705
22.667
22.641
22.622
22.605
22.586
22.566
22.549
22.542
22.548
22.564
22.582
22.597
22.606
22.613
22.616
22.618
22.619
22.62
22.62
22.62
22.62
22.619
22.618
22.616
22.613
22.606
22.596
22.579
22.554
22.523
22.495
22.482
22.488
22.507
22.523
22.522
22.497
22.444
22.365
22.266
22.156
22.039
21.919
21.797
21.676
21.559
21.447
21.344
21.259
21.196
21.155
21.131
21.118
21.112
21.112
21.116
21.127
21.149
21.186
21.25
21.35
21.493
21.67
21.862
22.041
22.187
22.294
22.368
22.417
22.449
22.466
22.469
22.463
22.453
22.445
22.439
22.434
22.429
22.422
22.412
22.396
22.366
22.312
22.222
22.087
21.914
21.724
21.544
21.402
21.31
21.269
21.269
21.294
21.323
21.335
21.319
21.285
21.251
21.233
21.24
21.261
21.275
21.26
21.206
21.127
21.057
21.031
21.063
21.139
21.228
21.295
21.328
21.334
21.34
21.37
21.428
21.498
21.544
21.543
21.493
21.421
21.359
21.332
21.336
21.354
21.364
21.356
21.339
21.329
21.334
21.345
21.342
21.315
21.268
21.215
21.171
21.14
21.122
21.111
21.105
21.101
21.099
21.098
21.097
21.095
21.094
21.092
21.089
21.084
21.079
21.074
21.072
21.074
21.079
21.086
21.091
21.096
21.102
21.109
21.119
21.137
21.165
21.204
21.249
21.285
21.293
21.268
21.22
21.202
21.498
21.707
21.91
22.1
22.272
22.421
22.542
22.631
22.681
22.684
22.635
22.529
22.361
22.131
21.84
21.492
21.098
20.672
20.231
19.799
19.402
19.066
18.813
18.651
18.579
18.593
18.683
18.823
18.995
19.184
19.363
19.511
19.619
19.688
19.729
19.753
19.773
19.794
19.815
19.829
19.834
19.835
19.836
19.842
19.857
19.885
19.932
19.991
20.036
20.043
20.011
19.961
19.913
19.876
19.85
19.835
19.826
19.821
19.818
19.816
19.816
19.816
19.816
19.817
19.819
19.822
19.827
19.837
19.852
19.879
19.924
19.997
20.107
20.26
20.448
20.643
20.807
20.914
20.948
20.9
20.771
20.574
20.343
20.121
19.927
19.755
19.6
19.463
19.358
19.298
19.291
19.333
19.413
19.511
19.608
19.692
19.761
19.82
19.881
19.955
20.04
20.12
20.173
20.182
20.142
20.059
19.94
19.797
19.659
19.573
19.564
19.619
19.708
19.808
19.908
20.005
20.099
20.19
20.278
20.362
20.442
20.52
20.594
20.665
20.733
20.797
20.858
20.916
20.97
21.022
21.07
21.115
21.156
21.195
21.23
21.261
21.29
21.315
21.337
21.356
21.372
21.384
21.393
21.399
21.401
21.4
21.396
21.389
21.378
21.365
21.348
21.327
21.304
21.277
21.247
21.214
21.177
21.137
21.095
21.049
21
20.949
20.896
20.842
20.789
20.739
20.698
20.671
20.669
20.7
20.771
20.874
20.99
21.094
21.175
21.229
21.261
21.277
21.281
21.275
21.259
21.236
21.203
21.163
21.113
21.054
20.986
20.906
20.813
20.704
20.576
20.426
20.256
20.077
19.333
19.344
19.606
19.875
20.14
20.393
20.624
20.829
21
21.134
21.226
21.273
21.273
21.225
21.127
20.981
20.788
20.55
20.271
19.956
19.611
19.244
18.865
18.486
18.123
17.8
17.551
17.396
17.315
17.272
17.251
17.242
17.24
17.242
17.245
17.248
17.25
17.252
17.256
17.265
17.284
17.313
17.35
17.384
17.409
17.425
17.442
17.47
17.513
17.569
17.631
17.688
17.732
17.758
17.765
17.752
17.715
17.646
17.542
17.408
17.26
17.123
17.018
16.957
16.942
16.97
17.031
17.106
17.171
17.201
17.191
17.153
17.117
17.112
17.154
17.24
17.351
17.472
17.594
17.716
17.83
17.92
17.966
17.949
17.855
17.683
17.457
17.225
17.023
16.866
16.761
16.71
16.71
16.758
16.849
16.977
17.136
17.316
17.507
17.697
17.864
17.981
18.026
18.01
17.946
17.834
17.676
17.481
17.274
17.082
16.931
16.833
16.789
16.795
16.855
16.973
17.143
17.344
17.546
17.723
17.858
17.938
17.963
17.963
17.98
18.028
18.093
18.16
18.215
18.257
18.29
18.321
18.357
18.397
18.433
18.452
18.448
18.423
18.388
18.354
18.329
18.312
18.301
18.293
18.287
18.283
18.288
18.316
18.391
18.527
18.714
18.92
19.118
19.292
19.432
19.532
19.586
19.589
19.538
19.432
19.274
19.074
18.855
18.671
18.566
18.527
18.513
18.501
18.479
18.446
18.408
18.373
18.346
18.33
18.324
18.328
18.343
18.374
18.43
18.521
18.653
18.822
18.999
19.147
19.229
19.226
19.153
19.048
18.945
18.867
18.816
18.784
18.766
18.756
18.75
18.746
18.745
18.744
18.744
18.744
18.745
18.745
18.745
18.744
18.744
18.743
18.743
18.742
18.742
18.742
18.741
18.741
18.74
18.74
18.739
18.739
18.74
18.74
18.741
18.741
18.741
18.741
18.741
18.741
18.741
18.741
18.741
18.741
18.741
18.741
18.741
18.741
18.741
18.741
18.741
18.741
18.741
18.741
18.741
18.741
18.741
18.741
18.741
18.741
18.741
18.741
18.741
18.741
18.741
18.741
18.741
18.741
18.741
18.741
18.741
18.741
18.741
18.741
18.741
18.741
18.741
18.741
18.741
18.741
18.741
18.741
18.741
18.741
18.741
18.741
18.741
18.741
18.741
18.741
18.741
18.741
18.741
18.741
18.741
18.741
18.741
18.741
18.741
18.741
18.741
18.741
18.741
18.741
18.741
18.741
18.741
18.741
18.741
18.741
18.741
18.741
18.741
18.741
18.741
18.741
18.741
18.741
18.741
18.741
18.741
18.741
18.741
18.741
18.741
18.741
18.741
18.741
18.741
18.741
18.741
18.741
18.741
18.741
18.741
18.741
18.741
18.741
18.741
18.741
18.741
18.741
18.741
18.741
18.741
18.741
18.741
18.741
18.741
18.741
18.741
18.741
18.741
18.741
18.741
18.741
18.741
18.741
18.741
18.741
18.741
18.741
18.741
18.741
18.741
18.741
18.741
18.741
18.741
18.741
18.741
18.741
18.741
18.741
18.741
18.741
18.741
18.741
18.741
18.741
18.741
18.741
18.741
18.741
18.741
18.741
18.741
18.741
18.741
18.741
18.741
18.741
18.741
18.741
18.741
18.741
18.741
18.741
18.741
18.741
18.741
18.741
18.741
18.741
18.741
18.741
18.741
18.741
18.741
18.741
18.741
18.741
18.741
18.741
18.741
18.741
18.741
18.741
18.741
18.741
18.741
18.741
18.741
18.741
18.741
18.741
18.741
18.741
18.741
18.741
18.741
18.741
18.741
18.741
18.741
18.741
18.841
18.941
19.041
19.141
19.241
19.341
19.441
19.541
19.641
19.741
19.841
19.941
20.041
20.141
20.241
20.341
20.441
20.541
20.641
20.741
20.841
20.941
21.041
21.141
21.241
21.341
21.404
21.514
21.601
21.725
21.901
22.126
22.383
22.654
22.929
23.197
23.444
23.656
23.813
23.898
23.91
23.879
23.854
23.849
23.857
23.87
23.872
23.846
23.776
23.652
23.475
23.25
22.992
22.723
22.471
22.257
22.093
21.974
21.889
21.835
21.815
21.829
21.866
21.91
21.948
21.974
21.992
22.008
22.032
22.071
22.129
22.206
22.298
22.396
22.488
22.568
22.632
22.677
22.692
22.659
22.568
22.425
22.253
22.076
21.904
21.736
21.579
21.453
21.385
21.392
21.472
21.601
21.737
21.835
21.875
21.869
21.847
21.83
21.832
21.86
21.905
21.944
21.955
21.931
21.884
21.837
21.81
21.804
21.809
21.804
21.778
21.739
21.715
21.73
21.79
21.872
21.948
22.003
22.036
22.052
22.053
22.035
22.004
21.974
21.965
21.986
22.031
22.083
22.128
22.16
22.18
22.19
22.195
22.198
22.201
22.205
22.21
22.214
22.216
22.214
22.209
22.204
22.2
22.196
22.194
22.192
22.189
22.188
22.189
22.198
22.225
22.278
22.364
22.485
22.632
22.785
22.923
23.026
23.086
23.101
23.071
22.995
22.874
22.717
22.545
22.389
22.273
22.207
22.182
22.178
22.181
22.184
22.186
22.185
22.183
22.178
22.169
22.156
22.139
22.124
22.118
22.125
22.14
22.158
22.173
22.184
22.194
22.205
22.22
22.244
22.279
22.328
22.389
22.459
22.537
22.614
22.678
22.715
22.713
22.669
22.586
22.472
22.34
22.209
22.102
22.042
22.032
22.06
22.099
22.133
22.157
22.172
22.181
22.186
22.189
22.191
22.192
22.192
22.192
22.192
22.191
22.189
22.185
22.18
22.17
22.158
22.147
22.14
22.141
22.149
22.159
22.167
22.17
22.165
22.153
22.133
22.107
22.083
22.073
22.081
22.103
22.127
22.143
22.15
22.154
22.168
22.211
22.296
22.419
22.556
22.681
22.773
22.827
22.846
22.834
22.791
22.716
22.615
22.502
22.393
22.298
22.222
22.163
22.121
22.102
22.104
22.122
22.143
22.161
22.171
22.176
22.176
22.171
22.158
22.137
22.105
22.064
22.028
22.014
22.028
22.064
22.105
22.138
22.161
22.176
22.186
22.193
22.201
22.212
22.229
22.258
22.306
22.386
22.51
22.682
22.892
23.12
23.339
23.525
23.655
23.723
23.735
23.701
23.622
23.496
23.322
23.112
22.888
22.679
22.509
22.387
22.309
22.263
22.239
22.229
22.232
22.246
22.276
22.321
22.377
22.427
22.452
22.44
22.399
22.346
22.304
22.282
22.284
22.311
22.364
22.433
22.498
22.532
22.522
22.493
22.488
22.539
22.641
22.75
22.819
22.825
22.782
22.726
22.685
22.664
22.652
22.633
22.6
22.559
22.621
22.602
22.571
22.53
22.474
22.405
22.332
22.264
22.212
22.177
22.159
22.156
22.166
22.194
22.245
22.329
22.45
22.601
22.764
22.915
23.035
23.119
23.172
23.204
23.222
23.233
23.239
23.243
23.246
23.25
23.255
23.262
23.274
23.291
23.312
23.33
23.337
23.328
23.308
23.284
23.262
23.242
23.219
23.187
23.138
23.06
22.94
22.775
22.581
22.393
22.259
22.216
22.276
22.413
22.581
22.739
22.864
22.951
22.996
22.996
22.943
22.835
22.686
22.517
22.355
22.222
22.125
22.062
22.025
22.008
22.003
22.006
22.012
22.018
22.018
22.001
21.953
21.869
21.755
21.628
21.511
21.417
21.352
21.311
21.286
21.271
21.26
21.248
21.228
21.192
21.142
21.089
21.044
21.016
21.005
21.012
21.037
21.079
21.133
21.19
21.237
21.262
21.259
21.222
21.149
21.053
20.968
20.942
21.009
21.164
21.373
21.606
21.837
22.046
22.211
22.313
22.335
22.27
22.123
21.936
21.757
21.605
21.472
21.358
21.266
21.199
21.155
21.129
21.112
21.101
21.092
21.083
21.074
21.065
21.058
21.054
21.048
21.034
21.006
20.96
20.899
20.835
20.778
20.725
20.657
20.55
20.395
20.197
19.975
19.755
19.572
19.467
19.474
19.594
19.792
20.035
20.303
20.582
20.864
21.142
21.409
21.657
21.882
22.076
22.233
22.347
22.411
22.422
22.378
22.282
22.152
22.027
21.944
21.902
21.88
21.869
21.864
21.861
21.859
21.857
21.855
21.852
21.847
21.84
21.832
21.824
21.815
21.806
21.797
21.785
21.771
21.749
21.715
21.663
21.589
21.497
21.399
21.311
21.244
21.203
21.186
21.189
21.212
21.259
21.333
21.43
21.537
21.637
21.717
21.772
21.805
21.823
21.831
21.832
21.831
21.836
21.85
21.873
21.898
21.917
21.922
21.911
21.884
21.843
21.791
21.734
21.68
21.637
21.61
21.596
21.595
21.607
21.632
21.672
21.724
21.78
21.832
21.874
21.904
21.922
21.932
21.938
21.941
21.941
21.939
21.935
21.927
21.917
21.905
21.893
21.88
21.867
21.858
21.857
21.868
21.887
21.908
21.925
21.937
21.947
21.957
21.969
21.987
22.01
22.039
22.069
22.097
22.117
22.127
22.127
22.115
22.088
22.042
21.973
21.885
21.787
21.692
21.617
21.568
21.546
21.545
21.555
21.572
21.592
21.615
21.638
21.659
21.675
21.685
21.69
21.691
21.686
21.675
21.659
21.637
21.612
21.587
21.563
21.538
21.512
21.484
21.46
21.451
21.458
21.479
21.503
21.522
21.536
21.544
21.551
21.556
21.563
21.57
21.58
21.591
21.599
21.601
21.597
21.588
21.577
21.564
21.546
21.524
21.504
21.5
21.518
21.553
21.591
21.621
21.642
21.655
21.665
21.673
21.682
21.696
21.717
21.754
21.814
21.907
22.03
22.171
22.307
22.42
22.5
22.551
22.581
22.598
22.608
22.612
22.614
22.614
22.611
22.606
22.597
22.585
22.574
22.568
22.571
22.58
22.593
22.604
22.611
22.616
22.618
22.619
22.62
22.62
22.621
22.621
22.62
22.619
22.618
22.615
22.611
22.605
22.594
22.578
22.558
22.541
22.534
22.541
22.558
22.578
22.594
22.606
22.614
22.62
22.627
22.635
22.648
22.67
22.706
22.764
22.847
22.951
23.063
23.168
23.251
23.308
23.343
23.361
23.366
23.361
23.343
23.309
23.252
23.169
23.066
22.953
22.849
22.765
22.705
22.667
22.641
22.622
22.605
22.586
22.566
22.549
22.542
22.548
22.564
22.582
22.597
22.606
22.613
22.616
22.618
22.619
22.62
22.62
22.62
22.62
22.619
22.618
22.616
22.613
22.606
22.596
22.579
22.554
22.523
22.495
22.482
22.488
22.507
22.523
22.522
22.497
22.444
22.365
22.266
22.156
22.039
21.919
21.797
21.676
21.559
21.447
21.344
21.259
21.196
21.155
21.131
21.118
21.112
21.112
21.116
21.127
21.149
21.186
21.25
21.35
21.493
21.67
21.862
22.041
22.187
22.294
22.368
22.417
22.449
22.466
22.469
22.463
22.453
22.445
22.439
22.434
22.429
22.422
22.412
22.396
22.366
22.312
22.222
22.087
21.914
21.724
21.544
21.402
21.31
21.269
21.269
21.294
21.323
21.335
21.319
21.285
21.251
21.233
21.24
21.261
21.275
21.26
21.206
21.127
21.057
21.031
21.063
21.139
21.228
21.295
21.328
21.334
21.34
21.37
21.428
21.498
21.544
21.543
21.493
21.421
21.359
21.332
21.336
21.354
21.364
21.356
21.339
21.329
21.334
21.345
21.342
21.315
21.268
21.215
21.171
21.14
21.122
21.111
21.105
21.101
21.099
21.098
21.097
21.095
21.094
21.092
21.089
21.084
21.079
21.074
21.072
21.074
21.079
21.086
21.091
21.096
21.102
21.109
21.119
21.137
21.165
21.204
21.249
21.285
21.293
21.268
21.22
21.202
21.498
21.707
21.91
22.1
22.272
22.421
22.542
22.631
22.681
22.684
22.635
22.529
22.361
22.131
21.84
21.492
21.098
20.672
20.231
19.799
19.402
19.066
18.813
18.651
18.579
18.593
18.683
18.823
18.995
19.184
19.363
19.511
19.619
19.688
19.729
19.753
19.773
19.794
19.815
19.829
19.834
19.835
19.836
19.842
19.857
19.885
19.932
19.991
20.036
20.043
20.011
19.961
19.913
19.876
19.85
19.835
19.826
19.821
19.818
19.816
19.816
19.816
19.816
19.817
19.819
19.822
19.827
19.837
19.852
19.879
19.924
19.997
20.107
20.26
20.448
20.643
20.807
20.914
20.948
20.9
20.771
20.574
20.343
20.121
19.927
19.755
19.6
19.463
19.358
19.298
19.291
19.333
19.413
19.511
19.608
19.692
19.761
19.82
19.881
19.955
20.04
20.12
20.173
20.182
20.142
20.059
19.94
19.797
19.659
19.573
19.564
19.619
19.708
19.808
19.908
20.005
20.099
20.19
20.278
20.362
20.442
20.52
20.594
20.665
20.733
20.797
20.858
20.916
20.97
21.022
21.07
21.115
21.156
21.195
21.23
21.261
21.29
21.315
21.337
21.356
21.372
21.384
21.393
21.399
21.401
21.4
21.396
21.389
21.378
21.365
21.348
21.327
21.304
21.277
21.247
21.214
21.177
21.137
21.095
21.049
21
20.949
20.896
20.842
20.789
20.739
20.698
20.671
20.669
20.7
20.771
20.874
20.99
21.094
21.175
21.229
21.261
21.277
21.281
21.275
21.259
21.236
21.203
21.163
21.113
21.054
20.986
20.906
20.813
20.704
20.576
20.426
20.256
20.077
19.333
19.344
19.606
19.875
20.14
20.393
20.624
20.829
21
21.134
21.226
21.273
21.273
21.225
21.127
20.981
20.788
20.55
20.271
19.956
19.611
19.244
18.865
18.486
18.123
17.8
17.551
17.396
17.315
17.272
17.251
17.242
17.24
17.242
17.245
17.248
17.25
17.252
17.256
17.265
17.284
17.313
17.35
17.384
17.409
17.425
17.442
17.47
17.513
17.569
17.631
17.688
17.732
17.758
17.765
17.752
17.715
17.646
17.542
17.408
17.26
17.123
17.018
16.957
16.942
16.97
17.031
17.106
17.171
17.201
17.191
17.153
17.117
17.112
17.154
17.24
17.351
17.472
17.594
17.716
17.83
17.92
17.966
17.949
17.855
17.683
17.457
17.225
17.023
16.866
16.761
16.71
16.71
16.758
16.849
16.977
17.136
17.316
17.507
17.697
17.864
17.981
18.026
18.01
17.946
17.834
17.676
17.481
17.274
17.082
16.931
16.833
16.789
16.795
16.855
16.973
17.143
17.344
17.546
17.723
17.858
17.938
17.963
17.963
17.98
18.028
18.093
18.16
18.215
18.257
18.29
18.321
18.357
18.397
18.433
18.452
18.448
18.423
18.388
18.354
18.329
18.312
18.301
18.293
18.287
18.283
18.288
18.316
18.391
18.527
18.714
18.92
19.118
19.292
19.432
19.532
19.586
19.589
19.538
19.432
19.274
19.074
18.855
18.671
18.566
18.527
18.513
18.501
18.479
18.446
18.408
18.373
18.346
18.33
18.324
18.328
18.343
18.374
18.43
18.521
18.653
18.822
18.999
19.147
19.229
19.226
19.153
19.048
18.945
18.867
18.816
18.784
18.766
18.756
18.75
18.746
18.745
18.744
18.744
18.744
18.745
18.745
18.745
18.744
18.744
18.743
18.743
18.742
18.742
18.742
18.741
18.741
18.74
18.74
18.739
18.739
18.74
18.74
18.741
18.741
18.741
18.741
18.741
18.741
18.741
18.741
18.741
18.741
18.741
18.741
18.741
18.741
18.741
18.741
18.741
18.741
18.741
18.741
18.741
18.741
18.741
18.741
18.741
18.741
18.741
18.741
18.741
18.741
18.741
18.741
18.741
18.741
18.741
18.741
18.741
18.741
18.741
18.741
18.741
18.741
18.741
18.741
18.741
18.741
18.741
18.741
18.741
18.741
18.741
18.741
18.741
18.741
18.741
18.741
18.741
18.741
18.741
18.741
18.741
18.741
18.741
18.741
18.741
18.741
18.741
18.741
18.741
18.741
18.741
18.741
18.741
18.741
18.741
18.741
18.741
18.741
18.741
18.741
18.741
18.741
18.741
18.741
18.741
18.741
18.741
18.741
18.741
18.741
18.741
18.741
18.741
18.741
18.741
18.741
18.741
18.741
18.741
18.741
18.741
18.741
18.741
18.741
18.741
18.741
18.741
18.741
18.741
18.741
18.741
18.741
18.741
18.741
18.741
18.741
18.741
18.741
18.741
18.741
18.741
18.741
18.741
18.741
18.741
18.741
18.741
18.741
18.741
18.741
18.741
18.741
18.741
18.741
18.741
18.741
18.741
18.741
18.741
18.741
18.741
18.741
18.741
18.741
18.741
18.741
18.741
18.741
18.741
18.741
18.741
18.741
18.741
18.741
18.741
18.741
18.741
18.741
18.741
18.741
18.741
18.741
18.741
18.741
18.741
18.741
18.741
18.741
18.741
18.741
18.741
18.741
18.741
18.741
18.741
18.741
18.741
18.741
18.741
18.741
18.741
18.741
18.741
18.741
18.741
18.741
18.741
18.741
18.741
18.741
18.741
18.741
18.741
18.741
18.741
18.741
18.741
18.741
18.741
18.741
18.741
18.741
18.841
18.941
19.041
19.141
19.241
19.341
19.441
19.541
19.641
19.741
19.841
19.941
20.041
20.141
20.241
20.341
20.441
20.541
20.641
20.741
20.841
20.941
21.041
21.141
21.241
21.341
21.404
21.514
21.601
21.725
21.901
22.126
22.383
22.654
22.929
23.197
23.444
23.656
23.813
23.898
23.91
23.879
23.854
23.849
23.857
23.87
23.872
23.846
23.776
23.652
23.475
23.25
22.992
22.723
22.471
22.257
22.093
21.974
21.889
21.835
21.815
21.829
21.866
21.91
21.948
21.974
21.992
22.008
22.032
22.071
22.129
22.206
22.298
22.396
22.488
22.568
22.632
22.677
22.692
22.659
22.568
22.425
22.253
22.076
21.904
21.736
21.579
21.453
21.385
21.392
21.472
21.601
21.737
21.835
21.875
21.869
21.847
21.83
21.832
21.86
21.905
21.944
21.955
21.931
21.884
21.837
21.81
21.804
21.809
21.804
21.778
21.739
21.715
21.73
21.79
21.872
21.948
22.003
22.036
22.052
22.053
22.035
22.004
21.974
21.965
21.986
22.031
22.083
22.128
22.16
22.18
22.19
22.195
22.198
22.201
22.205
22.21
22.214
22.216
22.214
22.209
22.204
22.2
22.196
22.194
22.192
22.189
22.188
22.189
22.198
22.225
22.278
22.364
22.485
22.632
22.785
22.923
23.026
23.086
23.101
23.071
22.995
22.874
22.717
22.545
22.389
22.273
22.207
22.182
22.178
22.181
22.184
22.186
22.185
22.183
22.178
22.169
22.156
22.139
22.124
22.118
22.125
22.14
22.158
22.173
22.184
22.194
22.205
22.22
22.244
22.279
22.328
22.389
22.459
22.537
22.614
22.678
22.715
22.713
22.669
22.586
22.472
22.34
22.209
22.102
22.042
22.032
22.06
22.099
22.133
22.157
22.172
22.181
22.186
22.189
22.191
22.192
22.192
22.192
22.192
22.191
22.189
22.185
22.18
22.17
22.158
22.147
22.14
22.141
22.149
22.159
22.167
22.17
22.165
22.153
22.133
22.107
22.083
22.073
22.081
22.103
22.127
22.143
22.15
22.154
22.168
22.211
22.296
22.419
22.556
22.681
22.773
22.827
22.846
22.834
22.791
22.716
22.615
22.502
22.393
22.298
22.222
22.163
22.121
22.102
22.104
22.122
22.143
22.161
22.171
22.176
22.176
22.171
22.158
22.137
22.105
22.064
22.028
22.014
22.028
22.064
22.105
22.138
22.161
22.176
22.186
22.193
22.201
22.212
22.229
22.258
22.306
22.386
22.51
22.682
22.892
23.12
23.339
23.525
23.655
23.723
23.735
23.701
23.622
23.496
23.322
23.112
22.888
22.679
22.509
22.387
22.309
22.263
22.239
22.229
22.232
22.246
22.276
22.321
22.377
22.427
22.452
22.44
22.399
22.346
22.304
22.282
22.284
22.311
22.364
22.433
22.498
22.532
22.522
22.493
22.488
22.539
22.641
22.75
22.819
22.825
22.782
22.726
22.685
22.664
22.652
22.633
22.6
22.559
22.621
22.602
22.571
22.53
22.474
22.405
22.332
22.264
22.212
22.177
22.159
22.156
22.166
22.194
22.245
22.329
22.45
22.601
22.764
22.915
23.035
23.119
23.172
23.204
23.222
23.233
23.239
23.243
23.246
23.25
23.255
23.262
23.274
23.291
23.312
23.33
23.337
23.328
23.308
23.284
23.262
23.242
23.219
23.187
23.138
23.06
22.94
22.775
22.581
22.393
22.259
22.216
22.276
22.413
22.581
22.739
22.864
22.951
22.996
22.996
22.943
22.835
22.686
22.517
22.355
22.222
22.125
22.062
22.025
22.008
22.003
22.006
22.012
22.018
22.018
22.001
21.953
21.869
21.755
21.628
21.511
21.417
21.352
21.311
21.286
21.271
21.26
21.248
21.228
21.192
21.142
21.089
21.044
21.016
21.005
21.012
21.037
21.079
21.133
21.19
21.237
21.262
21.259
21.222
21.149
21.053
20.968
20.942
21.009
21.164
21.373
21.606
21.837
22.046
22.211
22.313
22.335
22.27
22.123
21.936
21.757
21.605
21.472
21.358
21.266
21.199
21.155
21.129
21.112
21.101
21.092
21.083
21.074
21.065
21.058
21.054
21.048
21.034
21.006
20.96
20.899
20.835
20.778
20.725
20.657
20.55
20.395
20.197
19.975
19.755
19.572
19.467
19.474
19.594
19.792
20.035
20.303
20.582
20.864
21.142
21.409
21.657
21.882
22.076
22.233
22.347
22.411
22.422
22.378
22.282
22.152
22.027
21.944
21.902
21.88
21.869
21.864
21.861
21.859
21.857
21.855
21.852
21.847
21.84
21.832
21.824
21.815
21.806
21.797
21.785
21.771
21.749
21.715
21.663
21.589
21.497
21.399
21.311
21.244
21.203
21.186
21.189
21.212
21.259
21.333
21.43
21.537
21.637
21.717
21.772
21.805
21.823
21.831
21.832
21.831
21.836
21.85
21.873
21.898
21.917
21.922
21.911
21.884
21.843
21.791
21.734
21.68
21.637
21.61
21.596
21.595
21.607
21.632
21.672
21.724
21.78
21.832
21.874
21.904
21.922
21.932
21.938
21.941
21.941
21.939
21.935
21.927
21.917
21.905
21.893
21.88
21.867
21.858
21.857
21.868
21.887
21.908
21.925
21.937
21.947
21.957
21.969
21.987
22.01
22.039
22.069
22.097
22.117
22.127
22.127
22.115
22.088
22.042
21.973
21.885
21.787
21.692
21.617
21.568
21.546
21.545
21.555
21.572
21.592
21.615
21.638
21.659
21.675
21.685
21.69
21.691
21.686
21.675
21.659
21.637
21.612
21.587
21.563
21.538
21.512
21.484
21.46
21.451
21.458
21.479
21.503
21.522
21.536
21.544
21.551
21.556
21.563
21.57
21.58
21.591
21.599
21.601
21.597
21.588
21.577
21.564
21.546
21.524
21.504
21.5
21.518
21.553
21.591
21.621
21.642
21.655
21.665
21.673
21.682
21.696
21.717
21.754
21.814
21.907
22.03
22.171
22.307
22.42
22.5
22.551
22.581
22.598
22.608
22.612
22.614
22.614
22.611
22.606
22.597
22.585
22.574
22.568
22.571
22.58
22.593
22.604
22.611
22.616
22.618
22.619
22.62
22.62
22.621
22.621
22.62
22.619
22.618
22.615
22.611
22.605
22.594
22.578
22.558
22.541
22.534
22.541
22.558
22.578
22.594
22.606
22.614
22.62
22.627
22.635
22.648
22.67
22.706
22.764
22.847
22.951
23.063
23.168
23.251
23.308
23.343
23.361
23.366
23.361
23.343
23.309
23.252
23.169
23.066
22.953
22.849
22.765
22.705
22.667
22.641
22.622
22.605
22.586
22.566
22.549
22.542
22.548
22.564
22.582
22.597
22.606
22.613
22.616
22.618
22.619
22.62
22.62
22.62
22.62
22.619
22.618
22.616
22.613
22.606
22.596
22.579
22.554
22.523
22.495
22.482
22.488
22.507
22.523
22.522
22.497
22.444
22.365
22.266
22.156
22.039
21.919
21.797
21.676
21.559
21.447
21.344
21.259
21.196
21.155
21.131
21.118
21.112
21.112
21.116
21.127
21.149
21.186
21.25
21.35
21.493
21.67
21.862
22.041
22.187
22.294
22.368
22.417
22.449
22.466
22.469
22.463
22.453
22.445
22.439
22.434
22.429
22.422
22.412
22.396
22.366
22.312
22.222
22.087
21.914
21.724
21.544
21.402
21.31
21.269
21.269
21.294
21.323
21.335
21.319
21.285
21.251
21.233
21.24
21.261
21.275
21.26
21.206
21.127
21.057
21.031
21.063
21.139
21.228
21.295
21.328
21.334
21.34
21.37
21.428
21.498
21.544
21.543
21.493
21.421
21.359
21.332
21.336
21.354
21.364
21.356
21.339
21.329
21.334
21.345
21.342
21.315
21.268
21.215
21.171
21.14
21.122
21.111
21.105
21.101
21.099
21.098
21.097
21.095
21.094
21.092
21.089
21.084
21.079
21.074
21.072
21.074
21.079
21.086
21.091
21.096
21.102
21.109
21.119
21.137
21.165
21.204
21.249
21.285
21.293
21.268
21.22
21.202
21.498
21.707
21.91
22.1
22.272
22.421
22.542
22.631
22.681
22.684
22.635
22.529
22.361
22.131
21.84
21.492
21.098
20.672
20.231
19.799
19.402
19.066
18.813
18.651
18.579
18.593
18.683
18.823
18.995
19.184
19.363
19.511
19.619
19.688
19.729
19.753
19.773
19.794
19.815
19.829
19.834
19.835
19.836
19.842
19.857
19.885
19.932
19.991
20.036
20.043
20.011
19.961
19.913
19.876
19.85
19.835
19.826
19.821
19.818
19.816
19.816
19.816
19.816
19.817
19.819
19.822
19.827
19.837
19.852
19.879
19.924
19.997
20.107
20.26
20.448
20.643
20.807
20.914
20.948
20.9
20.771
20.574
20.343
20.121
19.927
19.755
19.6
19.463
19.358
19.298
19.291
19.333
19.413
19.511
19.608
19.692
19.761
19.82
19.881
19.955
20.04
20.12
20.173
20.182
20.142
20.059
19.94
19.797
19.659
19.573
19.564
19.619
19.708
19.808
19.908
20.005
20.099
20.19
20.278
20.362
20.442
20.52
20.594
20.665
20.733
20.797
20.858
20.916
20.97
21.022
21.07
21.115
21.156
21.195
21.23
21.261
21.29
21.315
21.337
21.356
21.372
21.384
21.393
21.399
21.401
21.4
21.396
21.389
21.378
21.365
21.348
21.327
21.304
21.277
21.247
21.214
21.177
21.137
21.095
21.049
21
20.949
20.896
20.842
20.789
20.739
20.698
20.671
20.669
20.7
20.771
20.874
20.99
21.094
21.175
21.229
21.261
21.277
21.281
21.275
21.259
21.236
21.203
21.163
21.113
21.054
20.986
20.906
20.813
20.704
20.576
20.426
20.256
20.077
19.333
19.344
19.606
19.875
20.14
20.393
20.624
20.829
21
21.134
21.226
21.273
21.273
21.225
21.127
20.981
20.788
20.55
20.271
19.956
19.611
19.244
18.865
18.486
18.123
17.8
17.551
17.396
17.315
17.272
17.251
17.242
17.24
17.242
17.245
17.248
17.25
17.252
17.256
17.265
17.284
17.313
17.35
17.384
17.409
17.425
17.442
17.47
17.513
17.569
17.631
17.688
17.732
17.758
17.765
17.752
17.715
17.646
17.542
17.408
17.26
17.123
17.018
16.957
16.942
16.97
17.031
17.106
17.171
17.201
17.191
17.153
17.117
17.112
17.154
17.24
17.351
17.472
17.594
17.716
17.83
17.92
17.966
17.949
17.855
17.683
17.457
17.225
17.023
16.866
16.761
16.71
16.71
16.758
16.849
16.977
17.136
17.316
17.507
17.697
17.864
17.981
18.026
18.01
17.946
17.834
17.676
17.481
17.274
17.082
16.931
16.833
16.789
16.795
16.855
16.973
17.143
17.344
17.546
17.723
17.858
17.938
17.963
17.963
17.98
18.028
18.093
18.16
18.215
18.257
18.29
18.321
18.357
18.397
18.433
18.452
18.448
18.423
18.388
18.354
18.329
18.312
18.301
18.293
18.287
18.283
18.288
18.316
18.391
18.527
18.714
18.92
19.118
19.292
19.432
19.532
19.586
19.589
19.538
19.432
19.274
19.074
18.855
18.671
18.566
18.527
18.513
18.501
18.479
18.446
18.408
18.373
18.346
18.33
18.324
18.328
18.343
18.374
18.43
18.521
18.653
18.822
18.999
19.147
19.229
19.226
19.153
19.048
18.945
18.867
18.816
18.784
18.766
18.756
18.75
18.746
18.745
18.744
18.744
18.744
18.745
18.745
18.745
18.744
18.744
18.743
18.743
18.742
18.742
18.742
18.741
18.741
18.74
18.74
18.739
18.739
18.74
18.74
18.741
18.741
18.741
18.741
18.741
18.741
18.741
18.741
18.741
18.741
18.741
18.741
18.741
18.741
18.741
18.741
18.741
18.741
18.741
18.741
18.741
18.741
18.741
18.741
18.741
18.741
18.741
18.741
18.741
18.741
18.741
18.741
18.741
18.741
18.741
18.741
18.741
18.741
18.741
18.741
18.741
18.741
18.741
18.741
18.741
18.741
18.741
18.741
18.741
18.741
18.741
18.741
18.741
18.741
18.741
18.741
18.741
18.741
18.741
18.741
18.741
18.741
18.741
18.741
18.741
18.741
18.741
18.741
18.741
18.741
18.741
18.741
18.741
18.741
18.741
18.741
18.741
18.741
18.741
18.741
18.741
18.741
18.741
18.741
18.741
18.741
18.741
18.741
18.741
18.741
18.741
18.741
18.741
18.741
18.741
18.741
18.741
18.741
18.741
18.741
18.741
18.741
18.741
18.741
18.741
18.741
18.741
18.741
18.741
18.741
18.741
18.741
18.741
18.741
18.741
18.741
18.741
18.741
18.741
18.741
18.741
18.741
18.741
18.741
18.741
18.741
18.741
18.741
18.741
18.741
18.741
18.741
18.741
18.741
18.741
18.741
18.741
18.741
18.741
18.741
18.741
18.741
18.741
18.741
18.741
18.741
18.741
18.741
18.741
18.741
18.741
18.741
18.741
18.741
18.741
18.741
18.741
18.741
18.741
18.741
18.741
18.741
18.741
18.741
18.741
18.741
18.741
18.741
18.741
18.741
18.741
18.741
18.741
18.741
18.741
18.741
18.741
18.741
18.741
18.741
18.741
18.741
18.741
18.741
18.741
18.741
18.741
18.741
18.741
18.741
18.741
18.741
18.741
18.741
18.741
18.741
18.741
18.741
18.741
18.741
18.741
