7.2276
7.2276
7.2276
7.2276
7.2276
7.2276
7.2276
7.2276
7.2276
7.2276
7.2276
7.2276
7.2276
7.2276
7.2276
7.2276
7.2276
7.2276
7.2276
7.2276
7.2276
7.2276
7.2276
7.2276
7.2276
7.2276
7.2276
7.2276
7.2276
7.2276
7.2276
7.2276
7.2276
7.2276
7.2276
7.2276
7.2276
7.2276
7.2276
7.2276
7.2276
7.2276
7.2276
7.2276
7.2276
7.2276
7.2276
7.2276
7.2276
7.2276
7.2276
7.2276
7.2276
7.2276
7.2276
7.2276
7.2276
7.2276
7.2276
7.2276
7.2276
7.2276
7.2276
7.2276
7.2276
7.2276
7.2276
7.2276
7.2276
7.2276
7.2276
7.2276
7.2276
7.2276
7.2276
7.2276
7.2276
7.2276
7.2276
7.2276
7.2276
7.2276
7.2276
7.2276
7.2276
7.2276
7.2276
7.2276
7.2276
7.2276
7.2276
7.2276
7.2276
7.2276
7.2276
7.2276
7.2276
7.2276
7.2276
7.2276
7.2276
7.2276
7.2276
7.2276
7.2276
7.2276
7.2276
7.2276
7.2276
7.2276
7.2276
7.2276
7.2276
7.2276
7.2276
7.2276
7.2276
7.2276
7.2276
7.2276
7.2276
7.2276
7.2276
7.2276
7.2276
7.2276
7.2276
7.2276
7.2276
7.2276
7.2276
7.2276
7.2276
7.2276
7.2276
7.2276
7.2276
7.2276
7.2276
7.2276
7.2276
7.2276
7.2276
7.2276
7.2276
7.2276
7.2276
7.2276
7.2276
7.2276
7.2276
7.2276
7.2276
7.2276
7.2276
7.2276
7.2276
7.2276
7.2276
7.2276
7.2276
7.2276
7.2276
7.2276
7.2276
7.2276
7.2276
7.2276
7.2276
7.2276
7.2276
7.2276
7.2276
7.2276
7.2276
7.2276
7.2276
7.2276
7.2276
7.2276
7.2276
7.2276
7.2276
7.2276
7.2276
7.2276
7.2276
7.2276
7.2276
7.2276
7.2276
7.2276
7.2276
7.2276
7.2276
7.2276
7.2276
7.2276
7.2276
7.2276
7.2276
7.1106
7.0095
6.8816
6.7219
6.5469
6.3913
6.294
6.2779
6.334
6.4277
6.5214
6.5937
6.6413
6.6705
6.6878
6.698
6.7041
6.7076
6.7095
6.7105
6.7108
6.7109
6.7108
6.7107
6.7107
6.7107
6.7107
6.7106
6.7106
6.7107
6.7108
6.711
6.7114
6.712
6.7129
6.7144
6.7169
6.7209
6.7265
6.7325
6.7353
6.7299
6.7122
6.6812
6.6393
6.5909
6.5415
6.4973
6.4626
6.4385
6.4235
6.4147
6.4097
6.4067
6.4051
6.4041
6.4035
6.4035
6.4043
6.4063
6.4103
6.4179
6.4318
6.4564
6.4968
6.5546
6.6241
6.6935
6.7511
6.7915
6.8156
6.8272
6.829
6.8227
6.809
6.7898
6.7683
6.7491
6.7369
6.736
6.7498
6.7827
6.8412
6.9336
7.0641
7.2259
7.3994
7.5592
7.6851
7.7689
7.8133
7.824
7.8035
7.751
7.6668
7.5588
7.4429
7.3369
7.2534
7.1981
7.1743
7.1876
7.2465
7.3591
7.5254
7.7318
7.9522
8.1557
8.3165
8.4231
8.485
8.5305
8.5944
8.7012
8.8532
9.0305
9.2002
9.3297
9.4
9.4122
9.3792
9.3094
9.1995
9.0442
8.85
8.6396
8.4438
8.2879
8.1796
8.1061
8.0448
7.9779
7.9002
7.8177
7.7401
7.6733
7.6161
7.5634
7.5118
7.4617
7.417
7.3809
7.3546
7.3365
7.3239
7.3137
7.303
7.2893
7.2714
7.2495
7.2256
7.2025
7.1821
7.1642
7.1475
7.1306
7.1121
7.0894
7.0597
7.0223
6.9803
6.9394
6.9043
6.8755
6.8495
6.8203
6.78
6.7209
6.6389
6.5378
6.4306
6.3342
6.2633
6.2251
6.2219
6.2564
6.3356
6.4671
6.6504
6.8692
7.095
7.2999
7.4653
7.5809
7.6408
7.6413
7.5806
7.4589
7.2795
7.0514
6.795
6.5522
6.3684
6.254
6.1912
6.1617
6.1541
6.1654
6.1985
6.2611
6.3612
6.4992
6.661
6.8194
6.9465
7.0278
7.0666
7.0777
7.0785
7.0864
7.1165
7.1773
7.2647
7.3633
7.4557
7.5321
7.5939
7.6505
7.7162
7.8076
7.9394
8.117
8.3302
8.5572
8.7742
8.9576
9.0888
9.1672
9.2089
9.228
9.2308
9.2215
9.2037
9.1817
9.1593
9.1395
9.1251
9.1179
9.118
9.1231
9.1297
9.1353
9.1391
9.1415
9.1429
9.1437
9.1441
9.1441
9.1439
9.1434
9.1424
9.1406
9.1377
9.1334
9.1281
9.1235
9.1217
9.1236
9.1285
9.1342
9.1394
9.1441
9.1491
9.156
9.1666
9.1845
9.215
9.2661
9.3459
9.4589
9.602
9.7655
9.9369
10.103
10.25
10.366
10.44
10.47
10.455
10.393
10.28
10.117
9.9186
9.7081
9.5121
9.3513
9.2361
9.1664
9.1337
9.1251
9.1278
9.133
9.1373
9.1403
9.1422
9.1434
9.1441
9.1445
9.1447
9.1448
9.1449
9.1449
9.1449
9.145
9.1449
9.1449
9.1449
9.1448
9.1447
9.1444
9.1438
9.1429
9.1411
9.138
9.1323
9.1223
9.105
9.0764
9.032
8.9672
8.8779
8.7613
8.6174
8.4512
8.2738
8.1007
7.9482
7.8275
7.741
7.6832
7.6448
7.6183
7.6005
7.5917
7.5914
7.5969
7.6042
7.6105
7.615
7.6181
7.6205
7.6228
7.6256
7.6298
7.6368
7.6483
7.6668
7.6933
7.7267
7.7631
7.7969
7.8239
7.8426
7.854
7.8599
7.8618
7.8601
7.8544
7.8433
7.8249
7.7982
7.7646
7.7282
7.6945
7.6674
7.6483
7.6359
7.6278
7.6221
7.617
7.6112
7.6036
7.5945
7.5856
7.5794
7.5764
7.5731
7.5632
7.5393
7.4946
7.4239
7.3255
7.2033
7.0681
6.9355
6.8215
6.737
6.683
6.653
6.6376
6.6295
6.6247
6.6215
6.6187
6.6153
6.6106
6.6033
6.5927
6.5798
6.5684
6.5638
6.5685
6.5798
6.5926
6.6031
6.6103
6.6152
6.6188
6.6219
6.6256
6.631
6.6401
6.6558
6.683
6.7288
6.8017
6.9065
7.0389
7.1834
7.3191
7.4297
7.5096
7.5637
7.6017
7.6337
7.6694
7.7196
7.7974
7.9157
8.0798
8.281
8.4966
8.6988
8.8649
8.9858
9.0658
9.1151
9.1431
9.1564
9.1608
9.1607
9.1593
9.1578
9.1565
9.1554
9.1543
9.1529
9.1514
9.1498
9.1483
9.1471
9.1463
9.1458
9.1455
9.1453
9.1452
9.1451
9.1452
9.1453
9.1455
9.1458
9.1464
9.1474
9.149
9.1513
9.1543
9.1568
9.1578
9.1569
9.1545
9.1518
9.1499
9.1488
9.1489
9.1502
9.1533
9.1592
9.1696
9.1876
9.2168
9.2589
9.308
9.3494
9.3659
9.3499
9.3089
9.2603
9.219
9.1915
9.1767
9.172
9.1763
9.1917
9.2228
9.2732
9.34
9.4115
9.4706
9.5024
9.4988
9.4585
9.3872
9.2967
9.2008
9.1088
9.0261
8.9517
8.9168
8.8625
8.7775
8.6563
8.5047
8.3409
8.1892
8.0678
7.9829
7.9297
7.8987
7.8813
7.8718
7.8662
7.8625
7.8597
7.8576
7.8562
7.8553
7.8548
7.8547
7.8547
7.855
7.8557
7.857
7.8592
7.8631
7.8699
7.8812
7.8994
7.9264
7.9596
7.989
8.001
7.9892
7.9599
7.9269
7.9003
7.8828
7.8726
7.8678
7.867
7.87
7.8763
7.8851
7.8947
7.9032
7.9093
7.9126
7.9144
7.919
7.9381
7.9917
8.0972
8.253
8.4339
8.6061
8.7441
8.8387
8.8937
8.918
8.9203
8.9084
8.888
8.8622
8.8322
8.7993
8.7676
8.7423
8.7263
8.7203
8.7243
8.7394
8.7684
8.8141
8.8777
8.9562
9.0396
9.1096
9.1468
9.1439
9.1111
9.0673
9.0253
8.9861
8.943
8.8863
8.8046
8.6886
8.5431
8.3958
8.2884
8.2508
8.2806
8.3459
8.4056
8.4231
8.3739
8.2582
8.1042
7.9522
7.8315
7.7487
7.6962
7.664
7.6445
7.6327
7.6249
7.6188
7.6123
7.6036
7.5913
7.5755
7.5586
7.5432
7.5284
7.5075
7.4733
7.4271
7.3807
7.3483
7.3325
7.3178
7.2794
7.2023
7.094
6.9799
6.8854
6.8199
6.7776
6.7493
6.7323
6.7283
6.7346
6.7406
6.7332
6.7052
6.6605
6.6136
6.5808
6.5705
6.5797
6.6005
6.6269
6.6537
6.6702
6.6591
6.6064
6.5145
6.4039
6.301
6.2223
6.1705
6.1392
6.1209
6.1104
6.1048
6.102
6.1012
6.1018
6.1037
6.1064
6.1088
6.1097
6.1086
6.1059
6.1028
6.1004
6.099
6.0984
6.0984
6.099
6.1002
6.1023
6.1058
6.1108
6.117
6.1223
6.1244
6.1218
6.1159
6.109
6.1028
6.0972
6.091
6.0827
6.0697
6.0482
6.0119
5.9525
5.8628
5.7453
5.6195
5.52
5.4813
5.5178
5.6145
5.7366
5.8484
5.9296
5.9784
6.0052
6.0225
6.0385
6.0549
6.0696
6.0809
6.0889
6.0951
6.1012
6.109
6.1206
6.1381
6.1627
6.1932
6.2259
6.2562
6.2803
6.2971
6.3075
6.3136
6.3167
6.3181
6.3179
6.3162
6.3125
6.3059
6.2953
6.281
6.2664
6.2572
6.2582
6.2651
6.2631
6.2366
6.1855
6.1277
6.0846
6.0634
6.0559
6.0486
6.0312
5.9975
5.9457
5.8839
5.8319
5.8122
5.8354
5.8923
5.9616
6.026
6.081
6.1338
6.1974
6.2846
6.4024
6.5465
6.6998
6.8396
6.9478
7.0177
7.0535
7.0664
7.072
7.0856
7.1151
7.1576
7.203
7.2421
7.2714
7.2918
7.3059
7.3169
7.3277
7.3411
7.3582
7.3785
7.3995
7.4176
7.4296
7.4339
7.4294
7.4153
7.3918
7.3639
7.3452
7.3506
7.3846
7.4353
7.4837
7.5169
7.5342
7.5421
7.5479
7.5555
7.5645
7.5712
7.5713
7.5611
7.5363
7.4911
7.418
7.3145
7.1884
7.0529
6.9148
6.7712
6.6212
6.4767
6.3582
6.2803
6.247
6.2577
6.3151
6.424
6.5844
6.7829
6.9943
7.1893
7.3456
7.4553
7.5246
7.5657
7.5895
7.6033
7.6111
7.6155
7.618
7.6194
7.6203
7.6206
7.6206
7.6203
7.6197
7.6187
7.6168
7.6136
7.608
7.5993
7.5877
7.576
7.5688
7.5695
7.5779
7.59
7.6013
7.6094
7.6142
7.6166
7.6177
7.6176
7.6165
7.6139
7.6091
7.6008
7.5872
7.566
7.5368
7.5048
7.4813
7.4775
7.4956
7.5266
7.5582
7.583
7.6002
7.6124
7.6226
7.6337
7.649
7.6735
7.7138
7.7775
7.8687
7.9829
8.1062
8.2201
8.3105
8.3727
8.4104
8.4299
8.436
8.4307
8.4121
8.3756
8.3149
8.2271
8.1177
8.0023
7.9023
7.836
7.8152
7.8463
7.9325
8.0707
8.2452
8.4291
8.5952
8.7291
8.8333
8.9183
8.9894
9.0454
9.0847
9.1096
9.1245
9.1332
9.138
9.1403
9.1408
9.1396
9.1363
9.1301
9.1192
9.1009
9.0714
9.0269
8.9699
8.9139
8.8757
8.8594
8.8465
8.8086
8.7298
8.6198
8.5052
8.4111
8.3468
8.3066
8.2821
8.272
8.2804
8.3082
8.3512
8.4053
8.4726
8.5605
8.6741
8.8106
8.9607
9.1158
9.2712
9.4243
9.569
9.6964
9.7997
9.8787
9.9367
9.9756
9.9935
9.9904
9.971
9.9421
9.9064
9.8597
9.7948
9.7068
9.5991
9.4841
9.378
9.2934
9.2344
9.1975
9.1763
9.1651
9.1607
9.1617
9.1684
9.1827
9.2089
9.2534
9.3223
9.4163
9.5269
9.6377
9.7325
9.803
9.8526
9.8933
9.9378
9.9902
10.04
10.069
10.062
10.02
9.9588
9.8923
9.8322
9.7846
9.7493
9.7171
9.6732
9.6076
9.5247
9.443
9.3843
9.3604
9.3658
9.3797
9.3786
9.3497
9.2979
9.24
9.1939
9.1707
9.1732
9.1995
9.2438
9.2952
9.3364
9.3493
9.3252
9.2698
9.1979
9.1225
10.967
10.582
10.736
10.869
10.969
11.035
11.072
11.085
11.077
11.045
10.982
10.878
10.724
10.52
10.277
10.009
9.7273
9.4412
9.1616
8.9038
8.6867
8.5258
8.425
8.3737
8.3574
8.3668
8.3995
8.4589
8.5559
8.7024
8.8901
9.0896
9.2736
9.4263
9.5379
9.6013
9.6114
9.5643
9.4581
9.2943
9.0816
8.8423
8.626
8.4785
8.3946
8.3472
8.3203
8.3048
8.296
8.2915
8.2895
8.289
8.2889
8.289
8.2888
8.2883
8.2875
8.2862
8.285
8.2845
8.2851
8.2862
8.2875
8.2887
8.2895
8.2903
8.2911
8.2921
8.2935
8.2958
8.2999
8.3071
8.3193
8.3397
8.3737
8.429
8.515
8.6398
8.8044
9
9.2106
9.4198
9.6145
9.7847
9.9229
10.023
10.078
10.086
10.047
9.9706
9.8725
9.7633
9.646
9.5225
9.4011
9.2956
9.2193
9.1815
9.1859
9.2311
9.3103
9.4114
9.5196
9.6205
9.7063
9.7783
9.8432
9.9037
9.9543
9.9837
9.981
9.9406
9.8594
9.7406
9.6144
9.5315
9.5185
9.5601
9.6234
9.6838
9.7306
9.7629
9.7839
9.7969
9.805
9.8102
9.8142
9.8183
9.8238
9.8325
9.8472
9.8719
9.9134
9.9812
10.089
10.247
10.452
10.684
10.915
11.13
11.319
11.475
11.595
11.675
11.712
11.706
11.657
11.57
11.457
11.346
11.257
11.178
11.095
11.018
10.963
10.944
10.968
11.027
11.104
11.18
11.247
11.305
11.36
11.421
11.501
11.613
11.764
11.941
12.119
12.279
12.412
12.511
12.572
12.594
12.574
12.51
12.402
12.249
12.05
11.807
11.527
11.22
10.912
10.652
10.481
10.387
10.335
10.307
10.292
10.284
10.279
10.277
10.275
10.274
10.273
10.272
10.271
10.271
10.271
10.271
10.271
8.4652
8.4653
8.4653
8.4654
8.4656
8.4659
8.4665
8.4675
8.4695
8.4729
8.4791
8.4899
8.5086
8.5403
8.5927
8.6763
8.8046
8.9856
9.2103
9.455
9.6977
9.9222
10.116
10.27
10.374
10.423
10.411
10.336
10.195
9.9903
9.7249
9.4049
9.0394
8.6407
8.2245
7.8108
7.424
7.0942
6.8467
6.6852
6.5957
6.5627
6.5792
6.6479
6.7753
6.9607
7.1902
7.4423
7.6966
7.9361
8.1452
8.3101
8.4214
8.4784
8.5002
8.5138
8.5254
8.5237
8.4975
8.4427
8.3685
8.2984
8.2584
8.2564
8.2723
8.2708
8.2263
8.1369
8.0212
7.9043
7.8062
7.7354
7.6911
7.6671
7.6575
7.659
7.6708
7.6929
7.721
7.743
7.7426
7.7093
7.6449
7.5599
7.4677
7.3808
7.3072
7.2454
7.1851
7.1163
7.0389
6.9572
6.8693
6.7693
6.6652
6.5836
6.5532
6.5869
6.6818
6.8231
6.9849
7.1395
7.2676
7.3576
7.4026
7.4
7.3538
7.2789
7.2122
7.1883
7.198
7.2049
7.1803
7.1114
6.9996
6.8514
6.6756
6.4869
6.307
6.1582
6.0522
5.9865
5.9478
5.9205
5.8925
5.8579
5.8165
5.7731
5.7344
5.7064
5.6921
5.6925
5.7097
5.7481
5.814
5.911
6.0341
6.1683
6.2946
6.3994
6.48
6.5446
6.6072
6.6845
6.7911
6.9339
7.1061
7.2875
7.4548
7.5911
7.6899
7.7508
7.774
7.7574
7.6979
7.5953
7.4585
7.3065
7.1626
7.0441
6.955
6.8878
6.8287
6.7617
6.6729
6.5544
6.4102
6.2572
6.1183
6.0115
5.9431
5.9106
5.9097
5.9409
6.0088
6.116
6.2553
6.4085
6.5524
6.6699
6.7566
6.8191
6.8697
6.9204
6.9799
7.0522
7.1348
7.2196
7.296
7.3555
7.3946
7.4146
7.4182
7.4062
7.3772
7.3308
7.2701
7.2034
7.1407
7.0895
7.0517
7.0239
7.0011
6.9799
6.9615
6.9505
6.9501
6.9556
6.9544
6.9343
6.8944
6.8479
6.8165
6.8215
6.8785
6.9951
7.167
7.376
7.5938
7.7911
7.9475
8.0582
8.1323
8.1842
8.2284
8.2779
8.3449
8.4366
8.5498
8.6696
8.7771
8.8623
8.928
8.982
9.0273
9.0607
9.0782
9.0776
9.0563
9.0087
8.9276
8.8087
8.6544
8.4753
8.287
8.1067
7.9496
7.8254
7.7353
7.6727
7.6276
7.5931
7.5685
7.5572
7.5605
7.5745
7.5923
7.6097
7.6267
7.647
7.676
7.7224
7.7977
7.9137
8.0751
8.2724
8.4824
8.6766
8.8311
8.9354
8.9959
9.0311
9.0619
9.0994
9.1409
9.1761
9.1962
9.1973
9.1763
9.1271
9.0393
8.9029
8.7164
8.4913
8.2498
8.0169
7.8124
7.6488
7.5348
7.4763
7.4693
7.4962
7.5341
7.5668
7.5903
7.6068
7.62
7.6334
7.6513
7.6789
7.7245
7.7996
7.9158
8.0778
8.2766
8.4893
8.6878
8.8496
8.9652
9.0393
9.0834
9.1083
9.1213
9.1264
9.1253
9.1188
9.1084
9.0977
9.0916
9.0936
9.1029
9.1154
9.1267
9.1346
9.1391
9.1413
9.1421
9.1417
9.1402
9.1371
9.1315
9.122
9.1066
9.0831
9.0527
9.0214
8.9973
8.9805
8.9584
8.9094
8.8139
8.6652
8.4739
8.2641
8.0643
7.8969
7.77
7.6774
7.6067
7.5483
7.4982
7.4568
7.4251
7.4024
7.3857
7.3713
7.3548
7.3311
7.2931
7.2309
7.1338
6.997
6.8276
6.6455
6.4763
6.3399
6.2435
6.1821
6.1454
6.1239
6.1112
6.1033
6.0978
6.0928
6.0868
6.0782
6.0651
6.0461
6.0227
6.002
5.9936
6.0021
6.0229
6.0462
6.065
6.0776
6.0854
6.0901
6.0929
6.0946
6.0957
6.0963
6.0965
6.0966
6.0967
6.0967
6.0966
6.0964
6.0959
6.095
6.0933
6.0904
6.0857
6.0778
6.0647
6.0435
6.0118
5.9727
5.9382
5.9242
5.9383
5.9728
6.0116
6.0426
6.063
6.0747
6.08
6.08
6.0746
6.062
6.0382
5.9962
5.9259
5.8171
5.6675
5.4902
5.3125
5.1655
5.069
5.0228
5.0122
5.0254
5.0611
5.123
5.2098
5.3152
5.4338
5.5626
5.6964
5.8247
5.9365
6.0287
6.1091
6.1933
6.2985
6.4349
6.5995
6.775
6.938
7.0709
7.1684
7.2365
7.2842
7.3158
7.3315
7.3318
7.3212
7.306
7.2906
7.2746
7.2547
7.2253
7.1776
7.0993
6.9764
6.8
6.5737
6.316
6.0541
5.8187
5.6381
5.529
5.4854
5.4766
5.4614
5.4075
5.3058
5.1688
5.0202
4.8832
4.7733
4.6957
4.6472
4.6207
4.6096
4.6106
4.6237
4.6513
4.6944
4.7474
4.7968
4.8279
4.8377
4.8417
4.868
4.9433
5.0788
5.2646
5.4759
5.6841
5.869
6.0267
6.1673
6.3012
6.4237
6.5128
6.5441
6.5102
6.4288
6.3322
6.248
6.1886
6.1522
6.1324
6.1239
6.1243
6.1338
6.1553
6.1937
6.2531
6.3327
6.4245
6.5189
6.6105
6.6997
6.7869
6.8672
6.9331
6.9801
7.0097
7.027
7.0366
7.0416
7.0438
7.0441
7.0427
7.0394
7.034
7.0273
7.0214
7.0198
7.0243
7.0341
7.0473
7.0633
7.0842
7.1132
7.1516
7.1953
7.2359
7.2668
7.2899
7.3149
7.3502
7.3944
7.3944
7.3944
7.3944
7.3944
7.3944
7.3944
7.3944
7.3944
7.3944
7.3944
7.3944
7.3944
7.3944
7.3944
7.3944
7.3944
7.3944
7.3944
7.3944
7.3944
7.3944
7.3944
7.3944
7.3944
7.3944
7.3944
7.3944
7.3944
7.3944
7.3944
7.3944
7.3944
7.3944
7.3944
7.3944
7.3944
7.3944
7.3944
7.3944
7.3944
7.3944
7.3944
7.3944
7.3944
7.3944
7.3944
7.3944
7.3944
7.3944
7.3944
7.3944
7.3944
7.3944
7.3944
7.3944
7.3944
7.3944
7.3944
7.3944
7.3944
7.3944
7.3944
7.3944
7.3944
7.3944
7.3944
7.3944
7.3944
7.3944
7.3944
7.3944
7.3944
7.3944
7.3944
7.3944
7.3944
7.3944
7.3944
7.3944
7.3944
7.3944
7.3944
7.3944
7.3944
7.3944
7.3944
7.3944
7.3944
7.3944
7.3944
7.3944
7.3944
7.3944
7.3944
7.3944
7.3944
7.3944
7.3944
7.3944
7.3944
7.3944
7.3944
7.3944
7.3944
7.3944
7.3944
7.3944
7.3944
7.3944
7.3944
7.3944
7.3944
7.3944
7.3944
7.3944
7.3944
7.3944
7.3944
7.3944
7.3944
7.3944
7.3944
7.3944
7.3944
7.3944
7.3944
7.3944
7.3944
7.3944
7.3944
7.3944
7.3944
7.3944
7.3944
7.3944
7.3944
7.3944
7.3944
7.3944
7.3944
7.3944
7.3944
7.3944
7.3944
7.3944
7.3944
7.3944
7.3944
7.3944
7.3944
7.3944
7.3944
7.3944
7.3944
7.3944
7.3944
7.3944
7.3944
7.3944
7.3944
7.3944
7.3944
7.3944
7.3944
7.3944
7.3944
7.3944
7.3944
7.3944
7.3944
7.3944
7.3944
7.3944
7.3944
7.3944
7.3944
7.3944
7.3944
7.3944
7.3944
7.3944
7.3944
7.3944
7.3944
7.3944
7.3944
7.3944
7.3944
7.3944
7.3944
7.3944
7.3944
7.3944
7.3944
7.3944
7.3944
7.3944
7.3944
7.3944
7.3944
7.2276
7.1106
7.0095
6.8816
6.7219
6.5469
6.3913
6.294
6.2779
6.334
6.4277
6.5214
6.5937
6.6413
6.6705
6.6878
6.698
6.7041
6.7076
6.7095
6.7105
6.7108
6.7109
6.7108
6.7107
6.7107
6.7107
6.7107
6.7106
6.7106
6.7107
6.7108
6.711
6.7114
6.712
6.7129
6.7144
6.7169
6.7209
6.7265
6.7325
6.7353
6.7299
6.7122
6.6812
6.6393
6.5909
6.5415
6.4973
6.4626
6.4385
6.4235
6.4147
6.4097
6.4067
6.4051
6.4041
6.4035
6.4035
6.4043
6.4063
6.4103
6.4179
6.4318
6.4564
6.4968
6.5546
6.6241
6.6935
6.7511
6.7915
6.8156
6.8272
6.829
6.8227
6.809
6.7898
6.7683
6.7491
6.7369
6.736
6.7498
6.7827
6.8412
6.9336
7.0641
7.2259
7.3994
7.5592
7.6851
7.7689
7.8133
7.824
7.8035
7.751
7.6668
7.5588
7.4429
7.3369
7.2534
7.1981
7.1743
7.1876
7.2465
7.3591
7.5254
7.7318
7.9522
8.1557
8.3165
8.4231
8.485
8.5305
8.5944
8.7012
8.8532
9.0305
9.2002
9.3297
9.4
9.4122
9.3792
9.3094
9.1995
9.0442
8.85
8.6396
8.4438
8.2879
8.1796
8.1061
8.0448
7.9779
7.9002
7.8177
7.7401
7.6733
7.6161
7.5634
7.5118
7.4617
7.417
7.3809
7.3546
7.3365
7.3239
7.3137
7.303
7.2893
7.2714
7.2495
7.2256
7.2025
7.1821
7.1642
7.1475
7.1306
7.1121
7.0894
7.0597
7.0223
6.9803
6.9394
6.9043
6.8755
6.8495
6.8203
6.78
6.7209
6.6389
6.5378
6.4306
6.3342
6.2633
6.2251
6.2219
6.2564
6.3356
6.4671
6.6504
6.8692
7.095
7.2999
7.4653
7.5809
7.6408
7.6413
7.5806
7.4589
7.2795
7.0514
6.795
6.5522
6.3684
6.254
6.1912
6.1617
6.1541
6.1654
6.1985
6.2611
6.3612
6.4992
6.661
6.8194
6.9465
7.0278
7.0666
7.0777
7.0785
7.0864
7.1165
7.1773
7.2647
7.3633
7.4557
7.5321
7.5939
7.6505
7.7162
7.8076
7.9394
8.117
8.3302
8.5572
8.7742
8.9576
9.0888
9.1672
9.2089
9.228
9.2308
9.2215
9.2037
9.1817
9.1593
9.1395
9.1251
9.1179
9.118
9.1231
9.1297
9.1353
9.1391
9.1415
9.1429
9.1437
9.1441
9.1441
9.1439
9.1434
9.1424
9.1406
9.1377
9.1334
9.1281
9.1235
9.1217
9.1236
9.1285
9.1342
9.1394
9.1441
9.1491
9.156
9.1666
9.1845
9.215
9.2661
9.3459
9.4589
9.602
9.7655
9.9369
10.103
10.25
10.366
10.44
10.47
10.455
10.393
10.28
10.117
9.9186
9.7081
9.5121
9.3513
9.2361
9.1664
9.1337
9.1251
9.1278
9.133
9.1373
9.1403
9.1422
9.1434
9.1441
9.1445
9.1447
9.1448
9.1449
9.1449
9.1449
9.145
9.1449
9.1449
9.1449
9.1448
9.1447
9.1444
9.1438
9.1429
9.1411
9.138
9.1323
9.1223
9.105
9.0764
9.032
8.9672
8.8779
8.7613
8.6174
8.4512
8.2738
8.1007
7.9482
7.8275
7.741
7.6832
7.6448
7.6183
7.6005
7.5917
7.5914
7.5969
7.6042
7.6105
7.615
7.6181
7.6205
7.6228
7.6256
7.6298
7.6368
7.6483
7.6668
7.6933
7.7267
7.7631
7.7969
7.8239
7.8426
7.854
7.8599
7.8618
7.8601
7.8544
7.8433
7.8249
7.7982
7.7646
7.7282
7.6945
7.6674
7.6483
7.6359
7.6278
7.6221
7.617
7.6112
7.6036
7.5945
7.5856
7.5794
7.5764
7.5731
7.5632
7.5393
7.4946
7.4239
7.3255
7.2033
7.0681
6.9355
6.8215
6.737
6.683
6.653
6.6376
6.6295
6.6247
6.6215
6.6187
6.6153
6.6106
6.6033
6.5927
6.5798
6.5684
6.5638
6.5685
6.5798
6.5926
6.6031
6.6103
6.6152
6.6188
6.6219
6.6256
6.631
6.6401
6.6558
6.683
6.7288
6.8017
6.9065
7.0389
7.1834
7.3191
7.4297
7.5096
7.5637
7.6017
7.6337
7.6694
7.7196
7.7974
7.9157
8.0798
8.281
8.4966
8.6988
8.8649
8.9858
9.0658
9.1151
9.1431
9.1564
9.1608
9.1607
9.1593
9.1578
9.1565
9.1554
9.1543
9.1529
9.1514
9.1498
9.1483
9.1471
9.1463
9.1458
9.1455
9.1453
9.1452
9.1451
9.1452
9.1453
9.1455
9.1458
9.1464
9.1474
9.149
9.1513
9.1543
9.1568
9.1578
9.1569
9.1545
9.1518
9.1499
9.1488
9.1489
9.1502
9.1533
9.1592
9.1696
9.1876
9.2168
9.2589
9.308
9.3494
9.3659
9.3499
9.3089
9.2603
9.219
9.1915
9.1767
9.172
9.1763
9.1917
9.2228
9.2732
9.34
9.4115
9.4706
9.5024
9.4988
9.4585
9.3872
9.2967
9.2008
9.1088
9.0261
8.9517
8.9168
8.8625
8.7775
8.6563
8.5047
8.3409
8.1892
8.0678
7.9829
7.9297
7.8987
7.8813
7.8718
7.8662
7.8625
7.8597
7.8576
7.8562
7.8553
7.8548
7.8547
7.8547
7.855
7.8557
7.857
7.8592
7.8631
7.8699
7.8812
7.8994
7.9264
7.9596
7.989
8.001
7.9892
7.9599
7.9269
7.9003
7.8828
7.8726
7.8678
7.867
7.87
7.8763
7.8851
7.8947
7.9032
7.9093
7.9126
7.9144
7.919
7.9381
7.9917
8.0972
8.253
8.4339
8.6061
8.7441
8.8387
8.8937
8.918
8.9203
8.9084
8.888
8.8622
8.8322
8.7993
8.7676
8.7423
8.7263
8.7203
8.7243
8.7394
8.7684
8.8141
8.8777
8.9562
9.0396
9.1096
9.1468
9.1439
9.1111
9.0673
9.0253
8.9861
8.943
8.8863
8.8046
8.6886
8.5431
8.3958
8.2884
8.2508
8.2806
8.3459
8.4056
8.4231
8.3739
8.2582
8.1042
7.9522
7.8315
7.7487
7.6962
7.664
7.6445
7.6327
7.6249
7.6188
7.6123
7.6036
7.5913
7.5755
7.5586
7.5432
7.5284
7.5075
7.4733
7.4271
7.3807
7.3483
7.3325
7.3178
7.2794
7.2023
7.094
6.9799
6.8854
6.8199
6.7776
6.7493
6.7323
6.7283
6.7346
6.7406
6.7332
6.7052
6.6605
6.6136
6.5808
6.5705
6.5797
6.6005
6.6269
6.6537
6.6702
6.6591
6.6064
6.5145
6.4039
6.301
6.2223
6.1705
6.1392
6.1209
6.1104
6.1048
6.102
6.1012
6.1018
6.1037
6.1064
6.1088
6.1097
6.1086
6.1059
6.1028
6.1004
6.099
6.0984
6.0984
6.099
6.1002
6.1023
6.1058
6.1108
6.117
6.1223
6.1244
6.1218
6.1159
6.109
6.1028
6.0972
6.091
6.0827
6.0697
6.0482
6.0119
5.9525
5.8628
5.7453
5.6195
5.52
5.4813
5.5178
5.6145
5.7366
5.8484
5.9296
5.9784
6.0052
6.0225
6.0385
6.0549
6.0696
6.0809
6.0889
6.0951
6.1012
6.109
6.1206
6.1381
6.1627
6.1932
6.2259
6.2562
6.2803
6.2971
6.3075
6.3136
6.3167
6.3181
6.3179
6.3162
6.3125
6.3059
6.2953
6.281
6.2664
6.2572
6.2582
6.2651
6.2631
6.2366
6.1855
6.1277
6.0846
6.0634
6.0559
6.0486
6.0312
5.9975
5.9457
5.8839
5.8319
5.8122
5.8354
5.8923
5.9616
6.026
6.081
6.1338
6.1974
6.2846
6.4024
6.5465
6.6998
6.8396
6.9478
7.0177
7.0535
7.0664
7.072
7.0856
7.1151
7.1576
7.203
7.2421
7.2714
7.2918
7.3059
7.3169
7.3277
7.3411
7.3582
7.3785
7.3995
7.4176
7.4296
7.4339
7.4294
7.4153
7.3918
7.3639
7.3452
7.3506
7.3846
7.4353
7.4837
7.5169
7.5342
7.5421
7.5479
7.5555
7.5645
7.5712
7.5713
7.5611
7.5363
7.4911
7.418
7.3145
7.1884
7.0529
6.9148
6.7712
6.6212
6.4767
6.3582
6.2803
6.247
6.2577
6.3151
6.424
6.5844
6.7829
6.9943
7.1893
7.3456
7.4553
7.5246
7.5657
7.5895
7.6033
7.6111
7.6155
7.618
7.6194
7.6203
7.6206
7.6206
7.6203
7.6197
7.6187
7.6168
7.6136
7.608
7.5993
7.5877
7.576
7.5688
7.5695
7.5779
7.59
7.6013
7.6094
7.6142
7.6166
7.6177
7.6176
7.6165
7.6139
7.6091
7.6008
7.5872
7.566
7.5368
7.5048
7.4813
7.4775
7.4956
7.5266
7.5582
7.583
7.6002
7.6124
7.6226
7.6337
7.649
7.6735
7.7138
7.7775
7.8687
7.9829
8.1062
8.2201
8.3105
8.3727
8.4104
8.4299
8.436
8.4307
8.4121
8.3756
8.3149
8.2271
8.1177
8.0023
7.9023
7.836
7.8152
7.8463
7.9325
8.0707
8.2452
8.4291
8.5952
8.7291
8.8333
8.9183
8.9894
9.0454
9.0847
9.1096
9.1245
9.1332
9.138
9.1403
9.1408
9.1396
9.1363
9.1301
9.1192
9.1009
9.0714
9.0269
8.9699
8.9139
8.8757
8.8594
8.8465
8.8086
8.7298
8.6198
8.5052
8.4111
8.3468
8.3066
8.2821
8.272
8.2804
8.3082
8.3512
8.4053
8.4726
8.5605
8.6741
8.8106
8.9607
9.1158
9.2712
9.4243
9.569
9.6964
9.7997
9.8787
9.9367
9.9756
9.9935
9.9904
9.971
9.9421
9.9064
9.8597
9.7948
9.7068
9.5991
9.4841
9.378
9.2934
9.2344
9.1975
9.1763
9.1651
9.1607
9.1617
9.1684
9.1827
9.2089
9.2534
9.3223
9.4163
9.5269
9.6377
9.7325
9.803
9.8526
9.8933
9.9378
9.9902
10.04
10.069
10.062
10.02
9.9588
9.8923
9.8322
9.7846
9.7493
9.7171
9.6732
9.6076
9.5247
9.443
9.3843
9.3604
9.3658
9.3797
9.3786
9.3497
9.2979
9.24
9.1939
9.1707
9.1732
9.1995
9.2438
9.2952
9.3364
9.3493
9.3252
9.2698
9.1979
9.1225
10.967
10.582
10.736
10.869
10.969
11.035
11.072
11.085
11.077
11.045
10.982
10.878
10.724
10.52
10.277
10.009
9.7273
9.4412
9.1616
8.9038
8.6867
8.5258
8.425
8.3737
8.3574
8.3668
8.3995
8.4589
8.5559
8.7024
8.8901
9.0896
9.2736
9.4263
9.5379
9.6013
9.6114
9.5643
9.4581
9.2943
9.0816
8.8423
8.626
8.4785
8.3946
8.3472
8.3203
8.3048
8.296
8.2915
8.2895
8.289
8.2889
8.289
8.2888
8.2883
8.2875
8.2862
8.285
8.2845
8.2851
8.2862
8.2875
8.2887
8.2895
8.2903
8.2911
8.2921
8.2935
8.2958
8.2999
8.3071
8.3193
8.3397
8.3737
8.429
8.515
8.6398
8.8044
9
9.2106
9.4198
9.6145
9.7847
9.9229
10.023
10.078
10.086
10.047
9.9706
9.8725
9.7633
9.646
9.5225
9.4011
9.2956
9.2193
9.1815
9.1859
9.2311
9.3103
9.4114
9.5196
9.6205
9.7063
9.7783
9.8432
9.9037
9.9543
9.9837
9.981
9.9406
9.8594
9.7406
9.6144
9.5315
9.5185
9.5601
9.6234
9.6838
9.7306
9.7629
9.7839
9.7969
9.805
9.8102
9.8142
9.8183
9.8238
9.8325
9.8472
9.8719
9.9134
9.9812
10.089
10.247
10.452
10.684
10.915
11.13
11.319
11.475
11.595
11.675
11.712
11.706
11.657
11.57
11.457
11.346
11.257
11.178
11.095
11.018
10.963
10.944
10.968
11.027
11.104
11.18
11.247
11.305
11.36
11.421
11.501
11.613
11.764
11.941
12.119
12.279
12.412
12.511
12.572
12.594
12.574
12.51
12.402
12.249
12.05
11.807
11.527
11.22
10.912
10.652
10.481
10.387
10.335
10.307
10.292
10.284
10.279
10.277
10.275
10.274
10.273
10.272
10.271
10.271
10.271
10.271
10.271
8.4652
8.4653
8.4653
8.4654
8.4656
8.4659
8.4665
8.4675
8.4695
8.4729
8.4791
8.4899
8.5086
8.5403
8.5927
8.6763
8.8046
8.9856
9.2103
9.455
9.6977
9.9222
10.116
10.27
10.374
10.423
10.411
10.336
10.195
9.9903
9.7249
9.4049
9.0394
8.6407
8.2245
7.8108
7.424
7.0942
6.8467
6.6852
6.5957
6.5627
6.5792
6.6479
6.7753
6.9607
7.1902
7.4423
7.6966
7.9361
8.1452
8.3101
8.4214
8.4784
8.5002
8.5138
8.5254
8.5237
8.4975
8.4427
8.3685
8.2984
8.2584
8.2564
8.2723
8.2708
8.2263
8.1369
8.0212
7.9043
7.8062
7.7354
7.6911
7.6671
7.6575
7.659
7.6708
7.6929
7.721
7.743
7.7426
7.7093
7.6449
7.5599
7.4677
7.3808
7.3072
7.2454
7.1851
7.1163
7.0389
6.9572
6.8693
6.7693
6.6652
6.5836
6.5532
6.5869
6.6818
6.8231
6.9849
7.1395
7.2676
7.3576
7.4026
7.4
7.3538
7.2789
7.2122
7.1883
7.198
7.2049
7.1803
7.1114
6.9996
6.8514
6.6756
6.4869
6.307
6.1582
6.0522
5.9865
5.9478
5.9205
5.8925
5.8579
5.8165
5.7731
5.7344
5.7064
5.6921
5.6925
5.7097
5.7481
5.814
5.911
6.0341
6.1683
6.2946
6.3994
6.48
6.5446
6.6072
6.6845
6.7911
6.9339
7.1061
7.2875
7.4548
7.5911
7.6899
7.7508
7.774
7.7574
7.6979
7.5953
7.4585
7.3065
7.1626
7.0441
6.955
6.8878
6.8287
6.7617
6.6729
6.5544
6.4102
6.2572
6.1183
6.0115
5.9431
5.9106
5.9097
5.9409
6.0088
6.116
6.2553
6.4085
6.5524
6.6699
6.7566
6.8191
6.8697
6.9204
6.9799
7.0522
7.1348
7.2196
7.296
7.3555
7.3946
7.4146
7.4182
7.4062
7.3772
7.3308
7.2701
7.2034
7.1407
7.0895
7.0517
7.0239
7.0011
6.9799
6.9615
6.9505
6.9501
6.9556
6.9544
6.9343
6.8944
6.8479
6.8165
6.8215
6.8785
6.9951
7.167
7.376
7.5938
7.7911
7.9475
8.0582
8.1323
8.1842
8.2284
8.2779
8.3449
8.4366
8.5498
8.6696
8.7771
8.8623
8.928
8.982
9.0273
9.0607
9.0782
9.0776
9.0563
9.0087
8.9276
8.8087
8.6544
8.4753
8.287
8.1067
7.9496
7.8254
7.7353
7.6727
7.6276
7.5931
7.5685
7.5572
7.5605
7.5745
7.5923
7.6097
7.6267
7.647
7.676
7.7224
7.7977
7.9137
8.0751
8.2724
8.4824
8.6766
8.8311
8.9354
8.9959
9.0311
9.0619
9.0994
9.1409
9.1761
9.1962
9.1973
9.1763
9.1271
9.0393
8.9029
8.7164
8.4913
8.2498
8.0169
7.8124
7.6488
7.5348
7.4763
7.4693
7.4962
7.5341
7.5668
7.5903
7.6068
7.62
7.6334
7.6513
7.6789
7.7245
7.7996
7.9158
8.0778
8.2766
8.4893
8.6878
8.8496
8.9652
9.0393
9.0834
9.1083
9.1213
9.1264
9.1253
9.1188
9.1084
9.0977
9.0916
9.0936
9.1029
9.1154
9.1267
9.1346
9.1391
9.1413
9.1421
9.1417
9.1402
9.1371
9.1315
9.122
9.1066
9.0831
9.0527
9.0214
8.9973
8.9805
8.9584
8.9094
8.8139
8.6652
8.4739
8.2641
8.0643
7.8969
7.77
7.6774
7.6067
7.5483
7.4982
7.4568
7.4251
7.4024
7.3857
7.3713
7.3548
7.3311
7.2931
7.2309
7.1338
6.997
6.8276
6.6455
6.4763
6.3399
6.2435
6.1821
6.1454
6.1239
6.1112
6.1033
6.0978
6.0928
6.0868
6.0782
6.0651
6.0461
6.0227
6.002
5.9936
6.0021
6.0229
6.0462
6.065
6.0776
6.0854
6.0901
6.0929
6.0946
6.0957
6.0963
6.0965
6.0966
6.0967
6.0967
6.0966
6.0964
6.0959
6.095
6.0933
6.0904
6.0857
6.0778
6.0647
6.0435
6.0118
5.9727
5.9382
5.9242
5.9383
5.9728
6.0116
6.0426
6.063
6.0747
6.08
6.08
6.0746
6.062
6.0382
5.9962
5.9259
5.8171
5.6675
5.4902
5.3125
5.1655
5.069
5.0228
5.0122
5.0254
5.0611
5.123
5.2098
5.3152
5.4338
5.5626
5.6964
5.8247
5.9365
6.0287
6.1091
6.1933
6.2985
6.4349
6.5995
6.775
6.938
7.0709
7.1684
7.2365
7.2842
7.3158
7.3315
7.3318
7.3212
7.306
7.2906
7.2746
7.2547
7.2253
7.1776
7.0993
6.9764
6.8
6.5737
6.316
6.0541
5.8187
5.6381
5.529
5.4854
5.4766
5.4614
5.4075
5.3058
5.1688
5.0202
4.8832
4.7733
4.6957
4.6472
4.6207
4.6096
4.6106
4.6237
4.6513
4.6944
4.7474
4.7968
4.8279
4.8377
4.8417
4.868
4.9433
5.0788
5.2646
5.4759
5.6841
5.869
6.0267
6.1673
6.3012
6.4237
6.5128
6.5441
6.5102
6.4288
6.3322
6.248
6.1886
6.1522
6.1324
6.1239
6.1243
6.1338
6.1553
6.1937
6.2531
6.3327
6.4245
6.5189
6.6105
6.6997
6.7869
6.8672
6.9331
6.9801
7.0097
7.027
7.0366
7.0416
7.0438
7.0441
7.0427
7.0394
7.034
7.0273
7.0214
7.0198
7.0243
7.0341
7.0473
7.0633
7.0842
7.1132
7.1516
7.1953
7.2359
7.2668
7.2899
7.3149
7.3502
7.3944
7.3944
7.3944
7.3944
7.3944
7.3944
7.3944
7.3944
7.3944
7.3944
7.3944
7.3944
7.3944
7.3944
7.3944
7.3944
7.3944
7.3944
7.3944
7.3944
7.3944
7.3944
7.3944
7.3944
7.3944
7.3944
7.3944
7.3944
7.3944
7.3944
7.3944
7.3944
7.3944
7.3944
7.3944
7.3944
7.3944
7.3944
7.3944
7.3944
7.3944
7.3944
7.3944
7.3944
7.3944
7.3944
7.3944
7.3944
7.3944
7.3944
7.3944
7.3944
7.3944
7.3944
7.3944
7.3944
7.3944
7.3944
7.3944
7.3944
7.3944
7.3944
7.3944
7.3944
7.3944
7.3944
7.3944
7.3944
7.3944
7.3944
7.3944
7.3944
7.3944
7.3944
7.3944
7.3944
7.3944
7.3944
7.3944
7.3944
7.3944
7.3944
7.3944
7.3944
7.3944
7.3944
7.3944
7.3944
7.3944
7.3944
7.3944
7.3944
7.3944
7.3944
7.3944
7.3944
7.3944
7.3944
7.3944
7.3944
7.3944
7.3944
7.3944
7.3944
7.3944
7.3944
7.3944
7.3944
7.3944
7.3944
7.3944
7.3944
7.3944
7.3944
7.3944
7.3944
7.3944
7.3944
7.3944
7.3944
7.3944
7.3944
7.3944
7.3944
7.3944
7.3944
7.3944
7.3944
7.3944
7.3944
7.3944
7.3944
7.3944
7.3944
7.3944
7.3944
7.3944
7.3944
7.3944
7.3944
7.3944
7.3944
7.3944
7.3944
7.3944
7.3944
7.3944
7.3944
7.3944
7.3944
7.3944
7.3944
7.3944
7.3944
7.3944
7.3944
7.3944
7.3944
7.3944
7.3944
7.3944
7.3944
7.3944
7.3944
7.3944
7.3944
7.3944
7.3944
7.3944
7.3944
7.3944
7.3944
7.3944
7.3944
7.3944
7.3944
7.3944
7.3944
7.3944
7.3944
7.3944
7.3944
7.3944
7.3944
7.3944
7.3944
7.3944
7.3944
7.3944
7.3944
7.3944
7.3944
7.3944
7.3944
7.3944
7.3944
7.3944
7.3944
7.3944
7.3944
7.3944
7.2276
7.1106
7.0095
6.8816
6.7219
6.5469
6.3913
6.294
6.2779
6.334
6.4277
6.5214
6.5937
6.6413
6.6705
6.6878
6.698
6.7041
6.7076
6.7095
6.7105
6.7108
6.7109
6.7108
6.7107
6.7107
6.7107
6.7107
6.7106
6.7106
6.7107
6.7108
6.711
6.7114
6.712
6.7129
6.7144
6.7169
6.7209
6.7265
6.7325
6.7353
6.7299
6.7122
6.6812
6.6393
6.5909
6.5415
6.4973
6.4626
6.4385
6.4235
6.4147
6.4097
6.4067
6.4051
6.4041
6.4035
6.4035
6.4043
6.4063
6.4103
6.4179
6.4318
6.4564
6.4968
6.5546
6.6241
6.6935
6.7511
6.7915
6.8156
6.8272
6.829
6.8227
6.809
6.7898
6.7683
6.7491
6.7369
6.736
6.7498
6.7827
6.8412
6.9336
7.0641
7.2259
7.3994
7.5592
7.6851
7.7689
7.8133
7.824
7.8035
7.751
7.6668
7.5588
7.4429
7.3369
7.2534
7.1981
7.1743
7.1876
7.2465
7.3591
7.5254
7.7318
7.9522
8.1557
8.3165
8.4231
8.485
8.5305
8.5944
8.7012
8.8532
9.0305
9.2002
9.3297
9.4
9.4122
9.3792
9.3094
9.1995
9.0442
8.85
8.6396
8.4438
8.2879
8.1796
8.1061
8.0448
7.9779
7.9002
7.8177
7.7401
7.6733
7.6161
7.5634
7.5118
7.4617
7.417
7.3809
7.3546
7.3365
7.3239
7.3137
7.303
7.2893
7.2714
7.2495
7.2256
7.2025
7.1821
7.1642
7.1475
7.1306
7.1121
7.0894
7.0597
7.0223
6.9803
6.9394
6.9043
6.8755
6.8495
6.8203
6.78
6.7209
6.6389
6.5378
6.4306
6.3342
6.2633
6.2251
6.2219
6.2564
6.3356
6.4671
6.6504
6.8692
7.095
7.2999
7.4653
7.5809
7.6408
7.6413
7.5806
7.4589
7.2795
7.0514
6.795
6.5522
6.3684
6.254
6.1912
6.1617
6.1541
6.1654
6.1985
6.2611
6.3612
6.4992
6.661
6.8194
6.9465
7.0278
7.0666
7.0777
7.0785
7.0864
7.1165
7.1773
7.2647
7.3633
7.4557
7.5321
7.5939
7.6505
7.7162
7.8076
7.9394
8.117
8.3302
8.5572
8.7742
8.9576
9.0888
9.1672
9.2089
9.228
9.2308
9.2215
9.2037
9.1817
9.1593
9.1395
9.1251
9.1179
9.118
9.1231
9.1297
9.1353
9.1391
9.1415
9.1429
9.1437
9.1441
9.1441
9.1439
9.1434
9.1424
9.1406
9.1377
9.1334
9.1281
9.1235
9.1217
9.1236
9.1285
9.1342
9.1394
9.1441
9.1491
9.156
9.1666
9.1845
9.215
9.2661
9.3459
9.4589
9.602
9.7655
9.9369
10.103
10.25
10.366
10.44
10.47
10.455
10.393
10.28
10.117
9.9186
9.7081
9.5121
9.3513
9.2361
9.1664
9.1337
9.1251
9.1278
9.133
9.1373
9.1403
9.1422
9.1434
9.1441
9.1445
9.1447
9.1448
9.1449
9.1449
9.1449
9.145
9.1449
9.1449
9.1449
9.1448
9.1447
9.1444
9.1438
9.1429
9.1411
9.138
9.1323
9.1223
9.105
9.0764
9.032
8.9672
8.8779
8.7613
8.6174
8.4512
8.2738
8.1007
7.9482
7.8275
7.741
7.6832
7.6448
7.6183
7.6005
7.5917
7.5914
7.5969
7.6042
7.6105
7.615
7.6181
7.6205
7.6228
7.6256
7.6298
7.6368
7.6483
7.6668
7.6933
7.7267
7.7631
7.7969
7.8239
7.8426
7.854
7.8599
7.8618
7.8601
7.8544
7.8433
7.8249
7.7982
7.7646
7.7282
7.6945
7.6674
7.6483
7.6359
7.6278
7.6221
7.617
7.6112
7.6036
7.5945
7.5856
7.5794
7.5764
7.5731
7.5632
7.5393
7.4946
7.4239
7.3255
7.2033
7.0681
6.9355
6.8215
6.737
6.683
6.653
6.6376
6.6295
6.6247
6.6215
6.6187
6.6153
6.6106
6.6033
6.5927
6.5798
6.5684
6.5638
6.5685
6.5798
6.5926
6.6031
6.6103
6.6152
6.6188
6.6219
6.6256
6.631
6.6401
6.6558
6.683
6.7288
6.8017
6.9065
7.0389
7.1834
7.3191
7.4297
7.5096
7.5637
7.6017
7.6337
7.6694
7.7196
7.7974
7.9157
8.0798
8.281
8.4966
8.6988
8.8649
8.9858
9.0658
9.1151
9.1431
9.1564
9.1608
9.1607
9.1593
9.1578
9.1565
9.1554
9.1543
9.1529
9.1514
9.1498
9.1483
9.1471
9.1463
9.1458
9.1455
9.1453
9.1452
9.1451
9.1452
9.1453
9.1455
9.1458
9.1464
9.1474
9.149
9.1513
9.1543
9.1568
9.1578
9.1569
9.1545
9.1518
9.1499
9.1488
9.1489
9.1502
9.1533
9.1592
9.1696
9.1876
9.2168
9.2589
9.308
9.3494
9.3659
9.3499
9.3089
9.2603
9.219
9.1915
9.1767
9.172
9.1763
9.1917
9.2228
9.2732
9.34
9.4115
9.4706
9.5024
9.4988
9.4585
9.3872
9.2967
9.2008
9.1088
9.0261
8.9517
8.9168
8.8625
8.7775
8.6563
8.5047
8.3409
8.1892
8.0678
7.9829
7.9297
7.8987
7.8813
7.8718
7.8662
7.8625
7.8597
7.8576
7.8562
7.8553
7.8548
7.8547
7.8547
7.855
7.8557
7.857
7.8592
7.8631
7.8699
7.8812
7.8994
7.9264
7.9596
7.989
8.001
7.9892
7.9599
7.9269
7.9003
7.8828
7.8726
7.8678
7.867
7.87
7.8763
7.8851
7.8947
7.9032
7.9093
7.9126
7.9144
7.919
7.9381
7.9917
8.0972
8.253
8.4339
8.6061
8.7441
8.8387
8.8937
8.918
8.9203
8.9084
8.888
8.8622
8.8322
8.7993
8.7676
8.7423
8.7263
8.7203
8.7243
8.7394
8.7684
8.8141
8.8777
8.9562
9.0396
9.1096
9.1468
9.1439
9.1111
9.0673
9.0253
8.9861
8.943
8.8863
8.8046
8.6886
8.5431
8.3958
8.2884
8.2508
8.2806
8.3459
8.4056
8.4231
8.3739
8.2582
8.1042
7.9522
7.8315
7.7487
7.6962
7.664
7.6445
7.6327
7.6249
7.6188
7.6123
7.6036
7.5913
7.5755
7.5586
7.5432
7.5284
7.5075
7.4733
7.4271
7.3807
7.3483
7.3325
7.3178
7.2794
7.2023
7.094
6.9799
6.8854
6.8199
6.7776
6.7493
6.7323
6.7283
6.7346
6.7406
6.7332
6.7052
6.6605
6.6136
6.5808
6.5705
6.5797
6.6005
6.6269
6.6537
6.6702
6.6591
6.6064
6.5145
6.4039
6.301
6.2223
6.1705
6.1392
6.1209
6.1104
6.1048
6.102
6.1012
6.1018
6.1037
6.1064
6.1088
6.1097
6.1086
6.1059
6.1028
6.1004
6.099
6.0984
6.0984
6.099
6.1002
6.1023
6.1058
6.1108
6.117
6.1223
6.1244
6.1218
6.1159
6.109
6.1028
6.0972
6.091
6.0827
6.0697
6.0482
6.0119
5.9525
5.8628
5.7453
5.6195
5.52
5.4813
5.5178
5.6145
5.7366
5.8484
5.9296
5.9784
6.0052
6.0225
6.0385
6.0549
6.0696
6.0809
6.0889
6.0951
6.1012
6.109
6.1206
6.1381
6.1627
6.1932
6.2259
6.2562
6.2803
6.2971
6.3075
6.3136
6.3167
6.3181
6.3179
6.3162
6.3125
6.3059
6.2953
6.281
6.2664
6.2572
6.2582
6.2651
6.2631
6.2366
6.1855
6.1277
6.0846
6.0634
6.0559
6.0486
6.0312
5.9975
5.9457
5.8839
5.8319
5.8122
5.8354
5.8923
5.9616
6.026
6.081
6.1338
6.1974
6.2846
6.4024
6.5465
6.6998
6.8396
6.9478
7.0177
7.0535
7.0664
7.072
7.0856
7.1151
7.1576
7.203
7.2421
7.2714
7.2918
7.3059
7.3169
7.3277
7.3411
7.3582
7.3785
7.3995
7.4176
7.4296
7.4339
7.4294
7.4153
7.3918
7.3639
7.3452
7.3506
7.3846
7.4353
7.4837
7.5169
7.5342
7.5421
7.5479
7.5555
7.5645
7.5712
7.5713
7.5611
7.5363
7.4911
7.418
7.3145
7.1884
7.0529
6.9148
6.7712
6.6212
6.4767
6.3582
6.2803
6.247
6.2577
6.3151
6.424
6.5844
6.7829
6.9943
7.1893
7.3456
7.4553
7.5246
7.5657
7.5895
7.6033
7.6111
7.6155
7.618
7.6194
7.6203
7.6206
7.6206
7.6203
7.6197
7.6187
7.6168
7.6136
7.608
7.5993
7.5877
7.576
7.5688
7.5695
7.5779
7.59
7.6013
7.6094
7.6142
7.6166
7.6177
7.6176
7.6165
7.6139
7.6091
7.6008
7.5872
7.566
7.5368
7.5048
7.4813
7.4775
7.4956
7.5266
7.5582
7.583
7.6002
7.6124
7.6226
7.6337
7.649
7.6735
7.7138
7.7775
7.8687
7.9829
8.1062
8.2201
8.3105
8.3727
8.4104
8.4299
8.436
8.4307
8.4121
8.3756
8.3149
8.2271
8.1177
8.0023
7.9023
7.836
7.8152
7.8463
7.9325
8.0707
8.2452
8.4291
8.5952
8.7291
8.8333
8.9183
8.9894
9.0454
9.0847
9.1096
9.1245
9.1332
9.138
9.1403
9.1408
9.1396
9.1363
9.1301
9.1192
9.1009
9.0714
9.0269
8.9699
8.9139
8.8757
8.8594
8.8465
8.8086
8.7298
8.6198
8.5052
8.4111
8.3468
8.3066
8.2821
8.272
8.2804
8.3082
8.3512
8.4053
8.4726
8.5605
8.6741
8.8106
8.9607
9.1158
9.2712
9.4243
9.569
9.6964
9.7997
9.8787
9.9367
9.9756
9.9935
9.9904
9.971
9.9421
9.9064
9.8597
9.7948
9.7068
9.5991
9.4841
9.378
9.2934
9.2344
9.1975
9.1763
9.1651
9.1607
9.1617
9.1684
9.1827
9.2089
9.2534
9.3223
9.4163
9.5269
9.6377
9.7325
9.803
9.8526
9.8933
9.9378
9.9902
10.04
10.069
10.062
10.02
9.9588
9.8923
9.8322
9.7846
9.7493
9.7171
9.6732
9.6076
9.5247
9.443
9.3843
9.3604
9.3658
9.3797
9.3786
9.3497
9.2979
9.24
9.1939
9.1707
9.1732
9.1995
9.2438
9.2952
9.3364
9.3493
9.3252
9.2698
9.1979
9.1225
10.967
10.582
10.736
10.869
10.969
11.035
11.072
11.085
11.077
11.045
10.982
10.878
10.724
10.52
10.277
10.009
9.7273
9.4412
9.1616
8.9038
8.6867
8.5258
8.425
8.3737
8.3574
8.3668
8.3995
8.4589
8.5559
8.7024
8.8901
9.0896
9.2736
9.4263
9.5379
9.6013
9.6114
9.5643
9.4581
9.2943
9.0816
8.8423
8.626
8.4785
8.3946
8.3472
8.3203
8.3048
8.296
8.2915
8.2895
8.289
8.2889
8.289
8.2888
8.2883
8.2875
8.2862
8.285
8.2845
8.2851
8.2862
8.2875
8.2887
8.2895
8.2903
8.2911
8.2921
8.2935
8.2958
8.2999
8.3071
8.3193
8.3397
8.3737
8.429
8.515
8.6398
8.8044
9
9.2106
9.4198
9.6145
9.7847
9.9229
10.023
10.078
10.086
10.047
9.9706
9.8725
9.7633
9.646
9.5225
9.4011
9.2956
9.2193
9.1815
9.1859
9.2311
9.3103
9.4114
9.5196
9.6205
9.7063
9.7783
9.8432
9.9037
9.9543
9.9837
9.981
9.9406
9.8594
9.7406
9.6144
9.5315
9.5185
9.5601
9.6234
9.6838
9.7306
9.7629
9.7839
9.7969
9.805
9.8102
9.8142
9.8183
9.8238
9.8325
9.8472
9.8719
9.9134
9.9812
10.089
10.247
10.452
10.684
10.915
11.13
11.319
11.475
11.595
11.675
11.712
11.706
11.657
11.57
11.457
11.346
11.257
11.178
11.095
11.018
10.963
10.944
10.968
11.027
11.104
11.18
11.247
11.305
11.36
11.421
11.501
11.613
11.764
11.941
12.119
12.279
12.412
12.511
12.572
12.594
12.574
12.51
12.402
12.249
12.05
11.807
11.527
11.22
10.912
10.652
10.481
10.387
10.335
10.307
10.292
10.284
10.279
10.277
10.275
10.274
10.273
10.272
10.271
10.271
10.271
10.271
10.271
8.4652
8.4653
8.4653
8.4654
8.4656
8.4659
8.4665
8.4675
8.4695
8.4729
8.4791
8.4899
8.5086
8.5403
8.5927
8.6763
8.8046
8.9856
9.2103
9.455
9.6977
9.9222
10.116
10.27
10.374
10.423
10.411
10.336
10.195
9.9903
9.7249
9.4049
9.0394
8.6407
8.2245
7.8108
7.424
7.0942
6.8467
6.6852
6.5957
6.5627
6.5792
6.6479
6.7753
6.9607
7.1902
7.4423
7.6966
7.9361
8.1452
8.3101
8.4214
8.4784
8.5002
8.5138
8.5254
8.5237
8.4975
8.4427
8.3685
8.2984
8.2584
8.2564
8.2723
8.2708
8.2263
8.1369
8.0212
7.9043
7.8062
7.7354
7.6911
7.6671
7.6575
7.659
7.6708
7.6929
7.721
7.743
7.7426
7.7093
7.6449
7.5599
7.4677
7.3808
7.3072
7.2454
7.1851
7.1163
7.0389
6.9572
6.8693
6.7693
6.6652
6.5836
6.5532
6.5869
6.6818
6.8231
6.9849
7.1395
7.2676
7.3576
7.4026
7.4
7.3538
7.2789
7.2122
7.1883
7.198
7.2049
7.1803
7.1114
6.9996
6.8514
6.6756
6.4869
6.307
6.1582
6.0522
5.9865
5.9478
5.9205
5.8925
5.8579
5.8165
5.7731
5.7344
5.7064
5.6921
5.6925
5.7097
5.7481
5.814
5.911
6.0341
6.1683
6.2946
6.3994
6.48
6.5446
6.6072
6.6845
6.7911
6.9339
7.1061
7.2875
7.4548
7.5911
7.6899
7.7508
7.774
7.7574
7.6979
7.5953
7.4585
7.3065
7.1626
7.0441
6.955
6.8878
6.8287
6.7617
6.6729
6.5544
6.4102
6.2572
6.1183
6.0115
5.9431
5.9106
5.9097
5.9409
6.0088
6.116
6.2553
6.4085
6.5524
6.6699
6.7566
6.8191
6.8697
6.9204
6.9799
7.0522
7.1348
7.2196
7.296
7.3555
7.3946
7.4146
7.4182
7.4062
7.3772
7.3308
7.2701
7.2034
7.1407
7.0895
7.0517
7.0239
7.0011
6.9799
6.9615
6.9505
6.9501
6.9556
6.9544
6.9343
6.8944
6.8479
6.8165
6.8215
6.8785
6.9951
7.167
7.376
7.5938
7.7911
7.9475
8.0582
8.1323
8.1842
8.2284
8.2779
8.3449
8.4366
8.5498
8.6696
8.7771
8.8623
8.928
8.982
9.0273
9.0607
9.0782
9.0776
9.0563
9.0087
8.9276
8.8087
8.6544
8.4753
8.287
8.1067
7.9496
7.8254
7.7353
7.6727
7.6276
7.5931
7.5685
7.5572
7.5605
7.5745
7.5923
7.6097
7.6267
7.647
7.676
7.7224
7.7977
7.9137
8.0751
8.2724
8.4824
8.6766
8.8311
8.9354
8.9959
9.0311
9.0619
9.0994
9.1409
9.1761
9.1962
9.1973
9.1763
9.1271
9.0393
8.9029
8.7164
8.4913
8.2498
8.0169
7.8124
7.6488
7.5348
7.4763
7.4693
7.4962
7.5341
7.5668
7.5903
7.6068
7.62
7.6334
7.6513
7.6789
7.7245
7.7996
7.9158
8.0778
8.2766
8.4893
8.6878
8.8496
8.9652
9.0393
9.0834
9.1083
9.1213
9.1264
9.1253
9.1188
9.1084
9.0977
9.0916
9.0936
9.1029
9.1154
9.1267
9.1346
9.1391
9.1413
9.1421
9.1417
9.1402
9.1371
9.1315
9.122
9.1066
9.0831
9.0527
9.0214
8.9973
8.9805
8.9584
8.9094
8.8139
8.6652
8.4739
8.2641
8.0643
7.8969
7.77
7.6774
7.6067
7.5483
7.4982
7.4568
7.4251
7.4024
7.3857
7.3713
7.3548
7.3311
7.2931
7.2309
7.1338
6.997
6.8276
6.6455
6.4763
6.3399
6.2435
6.1821
6.1454
6.1239
6.1112
6.1033
6.0978
6.0928
6.0868
6.0782
6.0651
6.0461
6.0227
6.002
5.9936
6.0021
6.0229
6.0462
6.065
6.0776
6.0854
6.0901
6.0929
6.0946
6.0957
6.0963
6.0965
6.0966
6.0967
6.0967
6.0966
6.0964
6.0959
6.095
6.0933
6.0904
6.0857
6.0778
6.0647
6.0435
6.0118
5.9727
5.9382
5.9242
5.9383
5.9728
6.0116
6.0426
6.063
6.0747
6.08
6.08
6.0746
6.062
6.0382
5.9962
5.9259
5.8171
5.6675
5.4902
5.3125
5.1655
5.069
5.0228
5.0122
5.0254
5.0611
5.123
5.2098
5.3152
5.4338
5.5626
5.6964
5.8247
5.9365
6.0287
6.1091
6.1933
6.2985
6.4349
6.5995
6.775
6.938
7.0709
7.1684
7.2365
7.2842
7.3158
7.3315
7.3318
7.3212
7.306
7.2906
7.2746
7.2547
7.2253
7.1776
7.0993
6.9764
6.8
6.5737
6.316
6.0541
5.8187
5.6381
5.529
5.4854
5.4766
5.4614
5.4075
5.3058
5.1688
5.0202
4.8832
4.7733
4.6957
4.6472
4.6207
4.6096
4.6106
4.6237
4.6513
4.6944
4.7474
4.7968
4.8279
4.8377
4.8417
4.868
4.9433
5.0788
5.2646
5.4759
5.6841
5.869
6.0267
6.1673
6.3012
6.4237
6.5128
6.5441
6.5102
6.4288
6.3322
6.248
6.1886
6.1522
6.1324
6.1239
6.1243
6.1338
6.1553
6.1937
6.2531
6.3327
6.4245
6.5189
6.6105
6.6997
6.7869
6.8672
6.9331
6.9801
7.0097
7.027
7.0366
7.0416
7.0438
7.0441
7.0427
7.0394
7.034
7.0273
7.0214
7.0198
7.0243
7.0341
7.0473
7.0633
7.0842
7.1132
7.1516
7.1953
7.2359
7.2668
7.2899
7.3149
7.3502
7.3944
7.3944
7.3944
7.3944
7.3944
7.3944
7.3944
7.3944
7.3944
7.3944
7.3944
7.3944
7.3944
7.3944
7.3944
7.3944
7.3944
7.3944
7.3944
7.3944
7.3944
7.3944
7.3944
7.3944
7.3944
7.3944
7.3944
7.3944
7.3944
7.3944
7.3944
7.3944
7.3944
7.3944
7.3944
7.3944
7.3944
7.3944
7.3944
7.3944
7.3944
7.3944
7.3944
7.3944
7.3944
7.3944
7.3944
7.3944
7.3944
7.3944
7.3944
7.3944
7.3944
7.3944
7.3944
7.3944
7.3944
7.3944
7.3944
7.3944
7.3944
7.3944
7.3944
7.3944
7.3944
7.3944
7.3944
7.3944
7.3944
7.3944
7.3944
7.3944
7.3944
7.3944
7.3944
7.3944
7.3944
7.3944
7.3944
7.3944
7.3944
7.3944
7.3944
7.3944
7.3944
7.3944
7.3944
7.3944
7.3944
7.3944
7.3944
7.3944
7.3944
7.3944
7.3944
7.3944
7.3944
7.3944
7.3944
7.3944
7.3944
7.3944
7.3944
7.3944
7.3944
7.3944
7.3944
7.3944
7.3944
7.3944
7.3944
7.3944
7.3944
7.3944
7.3944
7.3944
7.3944
7.3944
7.3944
7.3944
7.3944
7.3944
7.3944
7.3944
7.3944
7.3944
7.3944
7.3944
7.3944
7.3944
7.3944
7.3944
7.3944
7.3944
7.3944
7.3944
7.3944
7.3944
7.3944
7.3944
7.3944
7.3944
7.3944
7.3944
7.3944
7.3944
7.3944
7.3944
7.3944
7.3944
7.3944
7.3944
7.3944
7.3944
7.3944
7.3944
7.3944
7.3944
7.3944
7.3944
7.3944
7.3944
7.3944
7.3944
7.3944
7.3944
7.3944
7.3944
7.3944
7.3944
7.3944
7.3944
7.3944
7.3944
7.3944
7.3944
7.3944
7.3944
7.3944
7.3944
7.3944
7.3944
7.3944
7.3944
7.3944
7.3944
7.3944
7.3944
7.3944
7.3944
7.3944
7.3944
7.3944
7.3944
7.3944
7.3944
7.3944
7.3944
7.3944
7.3944
7.3944
